# Tile Number, Zone, Easting, Northing, Height, Long, Lat
T11,50,467101.596,7046644.693,377.018,116.66928508,-26.70094317
T12,50,467155.977,7046649.205,377.291,116.66983186,-26.70090368
T13,50,467162.838,7046645.058,377.315,116.66990073,-26.70094128
T14,50,467172.666,7046637.497,377.297,116.66999933,-26.70100978
T15,50,467164.454,7046627.502,377.344,116.66991651,-26.70109983
T16,50,467149.088,7046623.100,377.264,116.66976193,-26.70113922
T17,50,467158.067,7046621.316,377.275,116.66985215,-26.70115554
T18,50,467103.168,7046599.177,377.220,116.66929970,-26.70135417
T21,50,467118.390,7046661.525,377.010,116.66945434,-26.70079159
T22,50,467111.484,7046654.398,377.026,116.66938473,-26.70085578
T23,50,467127.652,7046663.791,377.058,116.66954750,-26.70077134
T24,50,467158.423,7046660.376,377.261,116.66985674,-26.70080288
T25,50,467173.466,7046661.895,377.260,116.67000800,-26.70078951
T26,50,467167.841,7046656.607,377.307,116.66995132,-26.70083713
T27,50,467174.339,7046651.700,377.304,116.67001651,-26.70088158
T28,50,467075.326,7046668.702,376.632,116.66902162,-26.70072580
T31,50,467227.863,7046580.783,376.808,116.67055272,-26.70152311
T32,50,467227.627,7046601.579,376.876,116.67055089,-26.70133534
T33,50,467210.916,7046614.347,376.965,116.67038323,-26.70121967
T34,50,467196.879,7046616.657,377.128,116.67024219,-26.70119849
T35,50,467186.526,7046629.919,377.244,116.67013846,-26.70107852
T36,50,467181.282,7046638.490,377.272,116.67008596,-26.70100101
T37,50,467191.284,7046642.788,377.186,116.67018662,-26.70096243
T38,50,467200.658,7046643.681,377.106,116.67028088,-26.70095459
T41,50,467183.336,7046650.190,377.242,116.67010692,-26.70089542
T42,50,467191.262,7046651.012,377.210,116.67018661,-26.70088818
T43,50,467180.423,7046657.894,377.259,116.67007783,-26.70082579
T44,50,467205.769,7046652.389,377.072,116.67033248,-26.70087608
T45,50,467198.149,7046655.391,377.096,116.67025596,-26.70084880
T46,50,467228.663,7046642.902,376.954,116.67056238,-26.70096226
T47,50,467196.188,7046663.399,377.188,116.67023645,-26.70077645
T48,50,467236.392,7046653.093,376.916,116.67064034,-26.70087043
T51,50,467196.137,7046503.995,376.804,116.67023180,-26.70221568
T52,50,467429.480,7046336.504,375.008,116.67257313,-26.70373329
T53,50,467230.093,7046456.311,376.352,116.67057190,-26.70264700
T54,50,467343.961,7046299.114,375.761,116.67171248,-26.70406892
T55,50,467406.284,7046120.001,376.483,116.67233433,-26.70568753
T56,50,467184.501,7046356.877,376.175,116.67011101,-26.70354372
T57,50,467134.117,7046339.243,376.055,116.66960406,-26.70370178
T58,50,467164.196,7046504.308,377.033,116.66991072,-26.70221212
T61,50,467146.203,7046596.199,377.260,116.66973223,-26.70138204
T62,50,467152.917,7046609.191,377.265,116.66980006,-26.70126489
T63,50,467169.596,7046608.410,377.275,116.66996771,-26.70127233
T64,50,467171.876,7046617.202,377.275,116.66999086,-26.70119300
T65,50,467176.272,7046626.083,377.260,116.67003528,-26.70111292
T66,50,467180.401,7046615.026,377.244,116.67007650,-26.70121284
T67,50,467188.865,7046608.110,377.214,116.67016140,-26.70127548
T68,50,467200.753,7046601.042,377.082,116.67028072,-26.70133957
T71,50,467055.621,7046568.593,377.167,116.66882094,-26.70162921
T72,50,467053.652,7046473.991,377.028,116.66879869,-26.70248331
T73,50,466968.185,7046182.585,374.910,116.66793196,-26.70511240
T74,50,466864.150,7046334.399,375.384,116.66689009,-26.70373931
T75,50,466799.576,7046362.308,375.127,116.66624169,-26.70348584
T76,50,466782.934,7046563.284,374.772,116.66607961,-26.70167088
T77,50,466887.180,7046561.465,375.752,116.66712750,-26.70168970
T78,50,466881.883,7046644.795,375.256,116.66707642,-26.70093720
T81,50,467090.128,7046951.902,374.801,116.66917778,-26.69816917
T82,50,467123.106,7046729.386,376.581,116.66950351,-26.70017899
T83,50,467181.497,7046673.102,377.199,116.67008902,-26.70068851
T84,50,467172.533,7046676.305,377.203,116.66999900,-26.70065938
T85,50,467147.326,7046679.893,377.058,116.66974570,-26.70062641
T86,50,467151.124,7046667.891,377.164,116.66978356,-26.70073486
T87,50,466855.782,7046749.344,374.538,116.66681675,-26.69999265
T88,50,466987.573,7046767.797,375.339,116.66814206,-26.69982907
T91,50,467577.441,7046583.747,373.957,116.67406693,-26.70150438
T92,50,467424.828,7046573.345,375.037,116.67253252,-26.70159479
T93,50,467248.722,7046672.086,376.899,116.67076478,-26.70069923
T94,50,467204.719,7046666.603,377.122,116.67032229,-26.70074772
T95,50,467195.115,7046675.027,377.163,116.67022597,-26.70067144
T96,50,467217.397,7046730.183,376.986,116.67045139,-26.70017396
T97,50,467300.709,7046915.416,376.204,116.67129370,-26.69850344
T98,50,467335.488,7046898.497,376.336,116.67164287,-26.69865699
T101,50,466732.576,7047010.246,372.657,116.66558500,-26.69763418
T102,50,466760.737,7046982.397,372.955,116.66586737,-26.69788627
T103,50,466675.655,7046792.713,373.414,116.66500715,-26.69959694
T104,50,466666.875,7046276.411,375.240,116.66490548,-26.70425834
T105,50,466598.489,7046519.897,374.497,116.66422435,-26.70205837
T106,50,466566.764,7046589.693,374.276,116.66390725,-26.70142747
T107,50,466172.717,7046463.588,377.101,116.65994281,-26.70255699
T108,50,466224.955,7046950.988,374.147,116.66048060,-26.69815754
T111,50,466914.118,7048038.428,371.294,116.66743666,-26.68835506
T112,50,467022.638,7047276.487,373.762,116.66850777,-26.69523700
T113,50,467076.345,7047160.193,374.267,116.66904464,-26.69628823
T114,50,466992.868,7047270.289,373.560,116.66820834,-26.69529227
T115,50,467055.104,7047141.403,374.142,116.66883062,-26.69645739
T116,50,467000.583,7047110.094,373.844,116.66828174,-26.69673882
T117,50,466949.630,7047082.593,373.560,116.66776882,-26.69698595
T118,50,466360.163,7047464.689,370.536,116.66185312,-26.69352253
T121,50,467964.394,7047785.789,374.798,116.67798801,-26.69066023
T122,50,467538.315,7046998.095,375.171,116.67368438,-26.69776240
T123,50,467488.197,7047148.038,375.856,116.67318447,-26.69640744
T124,50,467477.638,7047199.296,375.805,116.67307965,-26.69594440
T125,50,467311.299,7047194.399,376.054,116.67140740,-26.69598479
T126,50,467191.056,7047189.367,375.222,116.67019853,-26.69602746
T127,50,467284.745,7047329.250,376.346,116.67114397,-26.69476663
T128,50,467249.362,7047791.048,373.839,116.67080028,-26.69059632
T131,50,468088.952,7047371.291,372.828,116.67922936,-26.69440553
T132,50,468426.471,7047240.634,372.289,116.68261888,-26.69559297
T133,50,468563.507,7046935.881,370.513,116.68398852,-26.69834768
T134,50,467807.200,7046625.197,372.313,116.67637766,-26.70113541
T135,50,467822.315,7046739.903,372.545,116.67653259,-26.70010010
T136,50,467739.503,7046805.426,373.000,116.67570182,-26.69950660
T137,50,467778.929,7046919.685,372.834,116.67610112,-26.69847588
T138,50,467631.182,7047032.916,374.296,116.67461883,-26.69745014
T141,50,468351.986,7046533.925,369.162,116.68185176,-26.70197201
T142,50,468453.657,7045939.476,368.456,116.68285836,-26.70734153
T143,50,467751.050,7046116.228,373.245,116.67579999,-26.70572952
T144,50,467553.157,7046331.251,374.625,116.67381626,-26.70378357
T145,50,467622.550,7046341.962,374.351,116.67451411,-26.70368845
T146,50,467796.274,7046289.700,372.836,116.67625911,-26.70416431
T147,50,467758.535,7046377.494,372.823,116.67588202,-26.70337076
T148,50,467775.257,7046456.208,372.635,116.67605217,-26.70266045
T151,50,467908.111,7045343.868,371.189,116.67735879,-26.71270664
T152,50,467696.912,7045545.663,372.321,116.67524095,-26.71087981
T153,50,467194.524,7045874.174,372.933,116.67019922,-26.70790220
T154,50,467290.082,7045974.652,374.047,116.67116243,-26.70699719
T155,50,467485.638,7046022.293,375.276,116.67312950,-26.70657154
T156,50,467510.790,7046013.800,375.237,116.67338212,-26.70664880
T157,50,467578.335,7046061.895,375.045,116.67406236,-26.70621611
T158,50,467578.717,7046074.091,375.144,116.67406652,-26.70610601
T161,50,466840.799,7045969.484,373.996,116.66664588,-26.70703353
T162,50,467111.250,7045958.987,373.518,116.66936431,-26.70713452
T163,50,466774.074,7045561.253,375.791,116.66596452,-26.71071785
T164,50,466678.980,7045514.572,375.607,116.66500737,-26.71113713
T165,50,466579.961,7045739.115,375.408,116.66401782,-26.70910750
T166,50,466621.541,7046132.789,375.580,116.66444603,-26.70555404
T167,50,466619.513,7046208.491,375.650,116.66442761,-26.70487049
T168,50,466684.405,7046120.404,375.277,116.66507764,-26.70566730
TAAVS-79,50,466778.560,7046669.534,374.326,116.66603840,-26.70071146
Rec01,50,467087.250,7046638.100,375,116.66914070,-26.70100237
Rec02,50,467097.250,7046638.100,375,116.66924122,-26.70100260
Rec03,50,467272.280,7046617.500,375,116.67100018,-26.70119262
Rec04,50,467282.280,7046617.500,375,116.67110070,-26.70119285
Rec05,50,467171.350,7046491.100,375,116.66998229,-26.70233154
Rec06,50,467181.350,7046491.100,375,116.67008282,-26.70233177
Rec07,50,466912.320,7046530.600,375,116.66737942,-26.70196895
Rec08,50,467031.930,7046804.600,375,116.66858892,-26.69949780
Rec09,50,467348.000,7046738.000,375,116.67176448,-26.70010638
Rec10,50,466597.330,7046693.600,375,116.66421721,-26.70049001
Rec11,50,466810.860,7047558.700,375,116.66638620,-26.69268407
Rec12,50,467582.000,7047473.600,375,116.67413588,-26.69347015
Rec13,50,468065.820,7046893.700,375,116.67898442,-26.69871709
Rec14,50,468029.730,7046196.200,375,116.67860350,-26.70501387
Rec15,50,467616.700,7045714.300,375,116.67443900,-26.70935537
Rec16,50,466753.790,7045735.900,375,116.66576515,-26.70914052
