# [1] Omega_m            [2] sigma8_lcdm          [3] -fR0
2.435692548751831055e-01 9.185707569122314453e-01 1.109174831981363241e-07
2.514517605304718018e-01 8.982932567596435547e-01 4.954501946485834196e-06
2.546047568321228027e-01 6.752407550811767578e-01 4.518559580901637673e-05
2.672167420387268066e-01 7.563507556915283203e-01 3.349654491557885194e-07
2.750992476940155029e-01 7.847392559051513672e-01 2.786121149256359786e-05
2.814052402973175049e-01 6.509077548980712891e-01 7.498942068195901811e-06
2.877112627029418945e-01 8.131277561187744141e-01 1.883649133560538758e-06
2.955937385559082031e-01 6.427967548370361328e-01 5.069907160759612452e-07
3.034762442111968994e-01 7.117402553558349609e-01 6.382635183399543166e-05
3.129352629184722900e-01 8.658492565155029297e-01 1.603245436854194850e-05
3.192412555217742920e-01 9.347927570343017578e-01 1.161448608399950899e-06
3.239707648754119873e-01 6.955182552337646484e-01 2.483133130226633511e-06
3.381592631340026855e-01 8.374607563018798828e-01 9.440609005650912877e-07
3.444652557373046875e-01 1.011847257614135742e+00 7.161434041336178780e-07
3.491947352886199951e-01 7.320177555084228516e-01 1.135010825237259269e-05
3.602302372455596924e-01 6.103527545928955078e-01 1.462177152689037030e-07
3.633832633495330811e-01 9.550702571868896484e-01 2.065380186877519009e-07
3.712657392024993896e-01 9.794032573699951172e-01 2.264644353999756277e-05
3.791482448577880859e-01 8.739602565765380859e-01 3.273406946391332895e-06
3.870307505130767822e-01 8.009612560272216797e-01 7.852356065995991230e-05
2.419927567243576050e-01 9.429037570953369141e-01 1.531087491457583383e-06
2.467222511768341064e-01 7.644617557525634766e-01 2.018366330958087929e-06
2.593342363834381104e-01 9.875142574310302734e-01 1.927524948541758931e-07
2.609107494354248047e-01 6.549632549285888672e-01 2.917427082138601691e-07
2.687932550907135010e-01 8.455717563629150391e-01 1.396368315909057856e-05
2.766757607460021973e-01 7.198512554168701172e-01 9.885530744213610888e-06
2.861347496509552002e-01 1.003736257553100586e+00 5.559042620006948709e-05
2.940172553062438965e-01 8.780157566070556641e-01 8.413951582042500377e-05
3.018997609615325928e-01 7.928502559661865234e-01 2.540972730002977187e-07
3.113587498664855957e-01 9.307372570037841797e-01 4.315190835768589750e-06
3.176647424697875977e-01 6.306302547454833984e-01 5.688529199687764049e-06
3.302767574787139893e-01 6.265747547149658203e-01 6.237348202375869732e-07
3.318532407283782959e-01 7.401287555694580078e-01 4.216964953229762614e-05
3.413122594356536865e-01 9.023487567901611328e-01 4.415704495386307826e-07
3.507712483406066895e-01 8.617937564849853516e-01 2.600159496068954468e-05
3.618067502975463867e-01 9.672367572784423828e-01 3.054921080547501333e-06
3.665362596511840820e-01 6.711852550506591797e-01 2.113489063049200922e-05
3.744187355041503906e-01 7.806837558746337891e-01 6.531305643875384703e-06
3.807247579097747803e-01 6.914627552032470703e-01 1.035142176419867610e-07
3.917602598667144775e-01 8.293497562408447266e-01 8.810488907329272479e-07
2.404162436723709106e-01 8.577382564544677734e-01 3.427677802392281592e-05
2.498752474784851074e-01 6.590187549591064453e-01 1.059253736457321793e-05
2.577577531337738037e-01 8.212387561798095703e-01 1.798870954416997847e-07
2.640637457370758057e-01 9.226262569427490234e-01 3.845917717626434751e-07
2.719462513923645020e-01 9.631812572479248047e-01 6.095368917158339173e-06
2.782522439956665039e-01 6.346857547760009766e-01 1.428893938282271847e-06
2.892877459526062012e-01 7.441842555999755859e-01 3.507518840706325136e-06
2.971702516078948975e-01 9.915697574615478516e-01 6.683439437438210007e-07
3.050527572631835938e-01 9.469592571258544922e-01 5.188000432099215686e-05
3.082057535648345947e-01 8.050167560577392578e-01 3.935500717489048839e-05
3.208177387714385986e-01 6.792962551116943359e-01 1.364583113172557205e-07
3.287002444267272949e-01 8.820712566375732422e-01 2.660725158420973457e-06
3.365827500820159912e-01 7.604062557220458984e-01 1.083926917999633588e-06
3.428887426853179932e-01 9.956252574920654297e-01 1.303166754951234907e-05
3.523477613925933838e-01 7.887947559356689453e-01 9.015711111715063453e-05
3.570772409439086914e-01 6.184637546539306641e-01 1.640589744056342170e-06
3.696892559528350830e-01 7.279622554779052734e-01 2.722701424318074714e-07
3.759952485561370850e-01 6.995737552642822266e-01 6.998419848969206214e-06
3.854542374610900879e-01 9.064042568206787109e-01 4.731512603939336259e-07
3.901837468147277832e-01 8.415162563323974609e-01 1.840771983552258462e-05
2.388397455215454102e-01 9.753477573394775391e-01 9.225714165950194001e-06
2.482987493276596069e-01 6.468522548675537109e-01 2.851018280125572346e-06
2.561812400817871094e-01 8.090722560882568359e-01 7.673614845771226101e-07
2.656402587890625000e-01 7.766282558441162109e-01 9.660508658271282911e-05
2.735227644443511963e-01 9.104597568511962891e-01 2.426610080874525011e-05
2.829817533493041992e-01 6.874072551727294922e-01 1.678804011362444726e-07
2.908642590045928955e-01 8.496272563934326172e-01 5.308844265528023243e-06
2.987467646598815918e-01 7.482397556304931641e-01 1.717908344289753586e-05
3.066292405128479004e-01 8.699047565460205078e-01 4.120975063415244222e-07
3.097822368144989014e-01 7.239067554473876953e-01 8.222426686188555323e-07
3.223942518234252930e-01 6.225192546844482422e-01 3.672823004308156669e-05
3.255472481250762939e-01 9.712922573089599609e-01 1.273503045240431675e-07
3.350062370300292969e-01 8.901822566986083984e-01 6.839116394985467196e-05
3.460417389869689941e-01 8.252942562103271484e-01 4.027170234621735290e-06
3.539242446422576904e-01 7.036292552947998047e-01 2.162718601539381780e-06
3.555007576942443848e-01 6.671297550201416016e-01 3.126079377580026630e-07
3.681127429008483887e-01 7.685172557830810547e-01 2.985382707265671343e-05
3.775717616081237793e-01 9.266817569732666016e-01 8.609937140136025846e-06
3.838777542114257812e-01 1.007791757583618164e+00 2.213094774106139084e-07
3.933367431163787842e-01 9.510147571563720703e-01 1.333521481683419552e-06
2.439633756875991821e-01 6.442161798477172852e-01 7.771413220325484872e-05
2.444363236427307129e-01 7.958918809890747070e-01 1.085175517800962552e-05
2.535800337791442871e-01 9.033626317977905273e-01 8.679605525685474277e-05
2.808534801006317139e-01 7.176207304000854492e-01 3.187865513609722257e-05
2.940960824489593506e-01 8.048139810562133789e-01 2.474571374477818608e-06
3.019785881042480469e-01 9.625729322433471680e-01 5.099175905343145132e-05
3.352427184581756592e-01 9.743338823318481445e-01 3.976490916102193296e-05
3.437558114528656006e-01 6.644936800003051758e-01 2.975089228129945695e-05
3.615702688694000244e-01 7.415481805801391602e-01 6.910349475219845772e-05
3.689798116683959961e-01 1.012050032615661621e+00 3.415859464439563453e-05
2.581518888473510742e-01 6.105555295944213867e-01 5.170112490304745734e-05
2.693450152873992920e-01 7.837253808975219727e-01 6.629793642787262797e-05
2.881053686141967773e-01 6.466494798660278320e-01 2.894009776355233043e-05
2.890512645244598389e-01 9.877170324325561523e-01 7.934142922749742866e-05
3.082845807075500488e-01 6.263719797134399414e-01 2.077303724945522845e-05
3.179012238979339600e-01 6.855822801589965820e-01 2.981947545777074993e-06
3.249954879283905029e-01 1.002316832542419434e+00 1.735801197355613112e-05
3.543183803558349609e-01 8.433412313461303711e-01 6.419482360797701403e-06
3.749705255031585693e-01 9.074181318283081055e-01 9.828788461163640022e-05
3.915237784385681152e-01 1.010833382606506348e+00 3.262120571889681742e-06
2.442786693572998047e-01 6.746324300765991211e-01 2.272479650855530053e-05
2.713944613933563232e-01 9.264789819717407227e-01 6.768618186470121145e-05
2.918889820575714111e-01 9.349955320358276367e-01 2.795760701701510698e-05
3.273602128028869629e-01 9.139069318771362305e-01 9.364831930724903941e-05
3.300402760505676270e-01 9.824448823928833008e-01 7.664785516681149602e-05
3.540030717849731445e-01 6.219109296798706055e-01 4.597269798978231847e-05
3.713445663452148438e-01 9.617618322372436523e-01 4.270709268894279376e-06
3.804882764816284180e-01 6.726046800613403320e-01 5.895219874219037592e-05
3.878978192806243896e-01 8.364468812942504883e-01 2.401596248091664165e-05
3.937308788299560547e-01 8.603743314743041992e-01 2.251645412343350472e-07
