9.257125718178005336e-01
4.990045321971529613e-01
1.591685796180867030e+00
1.581646292685815025e+00
5.025201665861153133e-01
4.194106148663420131e-01
3.309544113598634207e-01
1.314213579251492625e+00
6.188266540963766049e-01
3.284702710916406199e-01
7.536376356090505046e-01
3.355078836516396934e-01
7.935041532355202598e-01
5.245122626139091526e-01
1.649875496580762935e+00
5.359882616114656217e-01
3.653164298502594165e-01
4.291238133868758298e-01
1.386445362985254670e+00
6.291249211394597252e-01
1.206689901653528185e+00
1.251582647828198391e+00
7.459913127720740889e-01
6.014345549364512600e-01
1.210739082400062339e+00
3.693427479665390423e-01
1.864281405451029938e+00
1.344818076554620045e+00
4.151614941094509681e-01
1.599536765309328201e+00
9.288130776669438760e-01
6.642179092859348266e-01
3.738474350971606741e-01
1.626390028496614015e-01
1.206243053164471668e+00
1.502457987238655646e+00
1.277437333962023081e+00
4.464250606951881695e-01
6.590402253388438769e-01
7.566026616271612770e-01
8.574188654296487355e-01
4.648313337869048323e-01
4.776109062086739132e-01
8.192016933794392664e-01
1.880003763208895062e+00
1.562575663398139136e+00
6.769703984491304283e-01
1.920597890939761410e+00
9.322294234116508260e-01
1.204591348921029814e+00
7.970268237003930167e-01
1.943201835187865767e-01
2.045181616179218564e-01
7.615259437665969910e-01
3.431053651915796365e-01
1.353252932534502850e+00
1.153110590563676929e+00
7.927406625520916350e-01
5.449189139910540769e-01
8.800179613350562757e-01
7.724482238319597682e-01
1.012901916226823129e+00
6.322441375500247318e-01
5.268440667876024275e-01
1.749505244649246505e+00
2.344484793577457094e-01
4.853872019059369824e-01
1.639505370056031142e+00
1.043572311260426488e+00
8.516110824861641282e-01
1.348915478338316820e+00
9.498071944947756862e-01
3.921430155584834099e-01
1.342587389558002942e+00
1.084532840470704862e+00
8.699631615777041471e-01
1.356266204678084009e+00
1.486158698974826331e+00
1.988979256318918198e-01
1.162124779345712122e+00
6.545458085842337237e-01
6.752304047874448933e-01
2.317508940036462128e+00
8.612370818784860216e-01
3.685813881375738510e-01
1.068337950690097404e+00
5.165279859059319634e-01
1.501110296323983295e+00
6.611857775270707505e-01
8.592703175789586645e-01
4.150117510203652493e-01
1.128839864368040402e+00
6.533541505302413732e-01
2.618131857551759811e-01
9.182207620940807669e-01
1.395516112266736997e+00
1.595937144387003181e+00
1.244039536767652443e+00
3.965469660910236893e-01
2.063417106461103767e+00
1.357436944106203303e+00
6.670867345118104419e-01
4.971898988107709694e-01
1.987104617888452607e+00
9.332494581307195780e-01
1.056446782908021076e+00
2.092034004860378271e+00
2.389897632318578602e-01
1.015578171100872673e+00
1.376878212341023033e+00
1.085336146573759430e+00
1.089587378227278691e+00
2.912692521169528703e-01
1.894889181112077159e+00
6.482987274834018931e-01
8.302296617933443423e-01
7.981470619296033853e-01
7.630827351644461354e-01
1.556822130149995154e+00
9.655068259971525402e-01
1.793622913539164865e-01
5.275677134276153257e-01
3.047186763137306187e-01
9.746108342966726124e-01
9.313553204242491779e-01
6.959736226846831020e-01
5.155016161428425114e-01
8.755390449893079019e-01
3.794694369863851335e-01
1.510077003868386614e+00
1.404117521432013849e+00
5.429608244916119819e-01
1.013209811528143378e+00
4.015717078433316822e-01
4.082639362860814303e-01
1.093663196497989931e+00
9.306047634392988765e-01
4.711733554813009039e-01
6.546714113365804666e-01
1.696321412133733775e+00
8.004269784019749645e-01
9.011118858351031546e-01
8.575491713171903285e-01
3.569886182332822067e-01
6.282588026300738315e-01
9.045800944368563856e-01
6.274323774146162158e-01
1.061379644513867682e+00
6.120901802648324175e-01
5.896801300196777840e-01
4.358811395009042355e-01
1.226388533698828720e+00
1.012701566052521596e+00
6.077521937625744997e-01
1.115661297174094457e+00
2.078469599615849484e-01
6.806924055760336101e-01
4.265624196306395111e-01
7.102533289299933772e-01
1.041330176572151878e+00
7.201547903170715248e-01
4.150219839338072370e-01
9.300518140256320843e-01
1.011806745248081230e+00
1.400387379467194215e-01
1.202934664291713807e+00
9.466873173810477216e-01
3.395604910718135194e-01
1.266781519169655867e+00
3.449436757343174453e-01
5.733554640708955485e-01
1.000770329158097383e+00
1.393943709126103381e-01
6.280426828162306574e-01
8.898993928829687095e-01
5.444444702402011504e-01
3.247514660144243392e-01
6.093256176781466360e-01
8.600573579098348409e-01
1.487180003474023682e+00
6.841661415351956155e-01
1.251174481114244674e+00
6.429657051620530916e-01
1.669724896604333875e+00
3.750127464214562667e-01
9.546051340169664501e-01
1.192860822213292149e+00
6.832143445940271897e-01
8.162231492672881172e-01
5.460948607095522656e-01
4.259297254131702015e-01
1.397452923062926899e+00
8.196515599554017317e-01
8.195430099203401264e-01
7.804645364217220882e-01
5.348856047458693252e-01
3.450055486085840672e-01
1.120433058740214927e+00
1.086460509583584200e+00
9.254519684926401091e-01
9.141099292932468590e-01
8.713591935029751934e-01
2.791233495075297610e-01
3.210584378397508543e-01
1.184192377539664331e+00
1.035950958525417853e+00
1.041922223790407331e+00
6.460006601298644568e-01
5.514706158917207501e-01
3.342296519251549691e-01
7.619263413571836230e-01
1.572887528784985944e+00
4.279345009410793210e-01
8.161224403479215850e-01
7.931193812857446623e-01
3.033996046632410626e-01
1.853391224185606312e+00
1.109088611358903798e+00
8.549695018199657826e-01
7.112974119728766587e-01
1.416843176917859326e+00
4.513656068436586732e-01
7.775274482149748811e-01
1.424720280353056312e+00
9.242192007012409727e-01
7.618834588544816100e-01
5.789923495985551671e-01
3.932606488758573771e-01
8.070722281834057377e-01
1.540550289015617524e+00
4.754251335904334796e-01
1.581341843276785397e+00
9.748932595047002936e-01
9.957114998074463319e-01
7.521199582800196515e-01
3.100228772911616248e-01
5.456312999341709213e-01
6.555196695292360154e-01
1.252169973270257364e+00
4.719774810476513038e-01
7.210764129274039869e-01
1.371428923036199343e+00
1.070996089185602962e+00
3.048291318197118294e-01
9.357289693131289887e-01
3.341396392641412527e-01
8.181075734868783478e-01
1.113570169170095880e+00
2.525955788030221361e-01
2.162874927329065389e-01
1.888148936304640424e+00
1.668840072726619495e+00
4.584800438348489715e-01
5.811187219284441596e-01
6.010077319081603697e-01
1.193718866824850178e+00
1.015975729436111363e+00
3.685897510683021627e-01
7.471415507007127532e-01
1.661667249416991288e+00
1.035457188969342468e+00
5.928288041565933364e-01
1.231649480269356722e+00
1.596404075091630625e+00
1.748984045961787803e+00
2.131398446781478828e+00
6.061328743554059706e-01
9.138853459527385148e-01
1.137561717248554372e+00
9.788365312935481954e-01
9.636955101183225514e-01
7.699524710986617171e-01
1.184970294317424511e+00
6.517893702974001391e-01
8.365741974681087934e-01
1.340401466197570723e+00
9.485287560873280066e-01
1.013122789344133690e+00
8.849651693183459011e-01
4.222351376457795236e-01
1.609405360328892032e+00
7.843150824578331015e-01
4.526335262184489894e-01
7.201353974984873174e-01
1.745605938785958156e+00
1.420060357207647339e+00
6.840910641947601789e-01
1.347825275462064543e+00
2.104406739356958322e+00
4.674186027759591466e-01
6.424349402289462052e-01
1.329817860230440019e+00
1.530321487439767258e+00
9.951295564033075802e-01
4.598187481294837009e-01
6.547172981901522304e-01
1.644906501079212324e+00
4.569068660274763216e-01
5.074552056313046400e-01
1.045293582132412080e+00
5.400779753842491759e-01
8.097126109732896149e-01
6.188655573386232511e-01
3.200320291416098306e-01
6.951563544742482836e-01
7.682240868910421572e-01
6.863451464207295238e-01
1.083212639441234471e+00
6.231207799280189530e-01
1.127054961387487619e+00
1.243472383487134181e+00
2.169945153154893003e+00
5.267377142419539249e-01
2.972119843427998287e-01
9.801036284776408758e-01
1.419004325555332846e+00
8.214901001695467109e-01
2.296177892061999903e-01
6.532013296387572110e-01
1.091157640491525527e+00
4.561823799281140013e-01
9.258267183081653195e-01
6.081358179540099496e-01
1.114747199831411573e+00
2.651439545327043956e-01
1.161451868008679389e+00
7.180918674308935934e-01
9.285710408056190301e-01
4.282321598943847896e-01
2.618604215172107286e-01
3.659923315288971524e-01
1.306099753135345098e+00
7.266986777515559437e-01
1.582568428951849127e+00
5.990970308566564428e-01
1.199702607400522092e-01
9.676178321653517989e-01
8.920851124360945628e-01
1.252551290179950705e+00
7.729488267734836437e-01
1.727647383411119175e-01
1.508821839457053837e+00
2.810034339041450058e-01
1.319747768890418227e+00
1.483380825398502134e+00
1.097048229958955901e+00
6.119449460221215720e-01
4.434598305582028721e-01
2.228478589774218310e+00
1.365814048758774157e-01
8.686642499784383853e-01
7.741294350509763111e-01
8.183275452918370441e-01
6.300002060356664213e-01
5.200278792291397334e-01
8.237295627427922984e-01
1.904287724993305175e-01
7.371871559942515528e-01
1.125221816078682435e+00
1.245381120216728865e+00
6.885926578967161982e-01
1.415005729913892063e+00
5.703728349403895947e-01
6.892744115878414179e-01
2.010284239576726861e+00
2.074393195524805389e+00
5.013005612316980830e-01
4.024163328558698627e-01
1.911594109549955567e+00
1.378666163083696050e+00
9.382320280750328090e-01
1.044212345585623591e+00
1.933562188877411825e-01
5.513926371376411950e-01
6.980913792109744165e-01
6.094690071897320705e-01
8.697774467597213510e-01
9.990914693674907143e-01
1.473944928019316425e+00
8.341352671097130855e-01
5.699350636336066867e-01
9.735964399610887998e-01
6.879902806925857206e-01
1.656329782609712309e+00
3.242232786112102527e-01
1.800715485794442516e+00
2.593220854266848896e-01
1.752297762258881564e+00
4.708390818370239428e-01
6.177691553118354051e-01
6.134954865187692841e-01
8.170613090284098989e-01
1.305935397374552220e+00
5.687891046478150692e-01
1.457222940506742281e+00
6.368265934665534589e-01
7.124222289907531369e-01
7.897735150547851024e-01
1.307866639317947444e+00
1.557656470902220036e+00
5.779890415188525532e-01
1.152649010392279294e+00
7.790369672439271254e-01
2.526832918591191413e-01
1.068324441689977089e+00
1.066882020696398703e+00
1.228935183901944672e+00
1.079958606597841930e+00
1.153311083266008286e+00
5.214415010294023434e-01
5.336010242620666810e-01
8.202745032776271872e-01
2.091453500617133643e-01
5.969977857206094640e-01
1.482385623995720048e+00
1.478898207495592532e+00
5.722802813466948413e-01
1.505991142366866153e+00
3.296656220807381299e-01
1.711855075210558352e+00
5.521600182612778074e-01
1.460873448124615948e+00
7.184226100955536376e-01
6.160724538316698640e-01
1.019098418861036581e+00
9.741339479646677901e-01
6.462342921587497235e-01
6.516273026666301593e-01
9.509758734094566623e-01
1.240303678796021769e+00
5.740756697389999275e-01
1.157444880947564148e+00
9.045168985698250896e-01
2.042660835578941292e+00
6.739932488117392761e-01
9.646096526036512797e-01
2.642453525456085472e-01
6.663331964841543442e-01
5.279778025655559315e-01
1.107993312965087185e+00
4.785549215070344919e-01
2.400023521577729357e-01
4.016772477035115974e-01
9.840716537212369497e-01
4.722494350670331520e-01
1.494735790651349427e+00
1.984355104171849349e-01
1.204038036575714399e+00
5.749714455177521444e-01
1.134670373923162057e+00
8.122526163204717431e-01
7.631695446810848882e-01
1.752228938501663613e+00
1.029033174332349976e+00
5.183782417815030463e-01
7.698985132889457628e-01
6.065065520266736954e-01
4.962860863327214211e-01
1.518792560847419537e+00
7.044792371274852805e-01
1.262656758333295937e+00
2.108504959204362816e-01
1.796695975371607412e+00
1.072425091192744429e+00
7.804053572110480896e-01
1.806408674022752736e+00
4.284302742360941996e-01
1.029299594821354136e+00
3.692355643568673296e-01
2.821007090011397600e-01
1.072182371243713295e+00
1.229329527464970706e-01
4.527390699209843938e-01
5.326723794098797704e-01
1.323776184150446733e+00
1.048228494490377027e+00
9.001468907371520389e-01
3.419858694288801515e-01
2.454808548757680398e-01
3.417165499025762165e-01
1.389155083584182382e+00
9.389509404380893542e-01
7.445073307376028904e-01
5.938386264542632187e-01
7.753270542247557851e-01
9.555695750739993111e-01
1.121332266190576243e+00
4.051756750915218586e-01
2.030521102003813638e+00
5.729853167566431038e-01
1.202475029510329918e+00
9.114853728341941741e-01
7.770940959182837116e-01
1.503068474347926564e+00
1.844185566205919669e+00
1.043637343666456108e+00
6.334665646929109606e-01
1.868875816449598215e+00
6.335879955108127959e-01
1.605124126848968436e+00
6.286582620253325926e-01
5.531323110928751952e-01
8.217101886995964444e-01
8.315245558568674644e-01
7.178068948130283955e-01
1.765895432240493501e-01
1.333217878115216193e+00
3.676885409843242414e-01
1.486482052777604590e+00
7.550506718352134605e-01
5.820245247555534407e-01
4.124361609385006067e-01
1.018143470874713241e+00
7.487748542738242863e-01
7.117644327353556122e-01
4.170498946160043352e-01
1.906551746174100614e+00
1.205842110573818404e+00
6.385842740479534818e-01
2.869179301311732266e-01
2.347300058470170314e-01
8.078739391450697749e-01
1.074097136404326358e+00
1.207058499831936027e+00
6.323039461335486777e-01
1.192944395941131885e+00
9.604919059597781805e-01
4.682630703075319478e-01
7.783619017087112235e-01
1.043793030633684671e+00
6.004919444760983271e-01
7.759035243334430065e-01
8.864917111549384110e-01
7.813207133366871782e-01
1.159824895039457848e+00
6.765074514864307664e-01
1.479331785011504419e+00
1.303108603872855653e+00
6.654102745108533279e-01
7.219285584242955967e-01
1.543146708963875735e+00
6.054938899880393244e-01
5.074793255467758835e-01
1.564074093797593212e+00
7.275668664053454027e-01
4.898626825000698126e-01
3.585155570743178144e-01
9.772714611684737429e-01
1.842013779281923003e-01
6.788456001102656234e-01
9.907163642203482556e-01
7.561222988102054288e-01
1.149891564952086442e+00
9.583225469226146487e-01
8.387024247699549351e-01
5.397049961997590906e-01
4.977867603576747180e-01
6.267718821790955186e-01
1.227265438412623144e+00
2.420754073284674401e-01
7.998876347064474146e-01
1.858735497645616630e-01
1.152845385585401949e+00
4.591817525389071952e-01
9.092355366213592527e-01
4.614061814082265345e-01
2.866577246725079964e-01
5.629776347837752715e-01
3.651616652407244090e-01
8.665408866218938799e-01
1.396876157819190611e+00
4.199375558038939693e-01
6.805975987681484041e-01
7.423236064568011772e-01
9.530223820090082398e-01
7.833684499057220751e-01
9.557856106072506464e-01
1.650514465301069933e+00
3.646095405987223037e-01
7.529332878945304008e-01
6.409175182918562808e-01
6.985751152913129980e-01
6.645530590007557858e-01
3.985937701245113041e-01
1.194411232393091327e+00
7.862736224877283631e-01
5.756068361973927239e-01
7.607122538282534707e-01
1.504435176156240672e+00
4.409681440335451175e-01
4.149366645068311432e-01
6.256018887412020391e-01
9.394799431202156548e-01
1.952163189845495639e+00
8.764505703538765236e-01
1.393569270389762860e+00
4.369145604348694256e-01
8.293817169305577330e-01
7.692679987575633538e-01
6.183523969238226003e-01
1.078405167814814325e+00
9.966901356266872902e-01
5.227023665940505603e-01
3.250017584250866620e-01
6.997749099832990538e-01
1.094324885047066598e+00
5.200612428715760682e-01
4.513050696642134096e-01
1.017962316999041494e+00
1.383755348965692189e+00
1.596482757349243053e+00
4.687662572827503982e-01
7.070836271202418644e-01
7.743015043886604110e-01
3.107088378461449474e-01
1.485469829470376757e+00
1.206231283134874932e+00
5.718240120406341553e-01
9.571020648482522208e-01
9.381360820700512804e-01
7.405811557994610439e-01
5.218750399611430391e-01
1.824569708873586382e+00
5.476359907170575969e-01
1.094478514328151242e+00
1.170821763811333627e+00
8.065573931284529818e-01
7.353848546869763414e-01
2.348307161531729692e-01
1.401519823189156577e+00
1.195048904638488674e+00
6.211377642576610958e-01
8.175475347527469960e-01
6.113576162273630654e-01
1.445017927057814955e+00
3.800270100548718277e-01
1.499032797523307980e+00
7.330574913423962835e-01
7.531176621895576684e-01
6.219129509147746093e-01
1.759323342860734884e+00
1.354284603286070698e+00
8.236887254972617978e-01
1.258842084712057163e+00
5.124337530264199136e-01
5.615927348793018359e-01
8.076969386755690206e-01
2.359071672615925541e-01
5.807789322269267807e-01
3.577666204258534988e-01
9.756317432949539459e-01
6.396114749743975203e-01
5.193084133232148680e-01
1.215067279207229900e+00
6.230469524312338692e-01
1.731629616516353165e+00
1.546764620874863105e+00
2.149589188736597656e+00
1.434360119414981982e+00
5.107539840033430423e-01
1.437406516204204454e+00
1.310996509629041018e+00
4.637054588625310059e-01
1.086529442856519312e+00
1.191705869617783131e+00
6.325563329900442122e-01
9.814777436080772688e-01
7.781162941066701588e-01
1.430694965571310151e+00
1.034656132046057442e+00
7.657854890007828041e-01
2.778152646793634051e-01
7.633334688084947306e-01
7.533844107444089833e-01
1.003792583552521434e+00
7.287561558383769400e-01
1.797363122748498965e+00
1.601428899028973341e+00
6.962236102753445177e-01
1.038888018848375561e+00
6.260982013966787108e-01
7.637444393973392698e-01
1.572712975545824676e+00
7.222163417064719759e-01
3.320671260626922305e-01
7.029005144662732185e-01
1.313950446722664589e+00
1.487009226446187160e+00
8.104155695279894323e-01
4.120453657618649013e-01
5.680412071295479759e-01
5.761271842574882118e-01
2.026365889521908326e-01
1.161998764040036214e+00
2.096830260253768063e-01
9.605452068962827550e-01
8.451601659209856399e-01
7.871110772121662214e-01
1.159458696283375279e+00
6.514386481088855207e-01
2.249117533305598771e-01
9.507916556001487773e-01
1.334330016879910374e+00
2.071664248007076825e+00
1.220033811898045384e+00
6.838035435151753605e-01
7.971807452984682740e-01
1.428378436012790909e+00
5.508944253254646206e-01
5.339227969775075522e-01
5.943354106361820044e-01
1.100249361322351627e+00
1.668490947403301172e+00
5.307813369313616469e-01
6.131430414168977938e-01
3.345768994381778105e-01
9.718822250737073620e-01
5.890743451997609847e-01
7.915698910277607636e-01
5.083593017603977859e-01
9.109912690809425229e-01
1.695939410149672533e+00
5.506934669010880024e-01
9.775124784249443755e-01
1.018403829344668443e+00
6.903174631484548796e-01
9.120813492349022500e-01
5.661898767330069138e-01
7.797288770559021032e-01
1.694187061391455362e+00
9.532361590562007381e-01
3.905763688712411974e-01
3.341477883350669753e-01
1.049095739675817818e+00
2.085572482457482557e-01
8.765077921488283463e-01
6.149350054715025937e-01
1.747811167104794672e-01
7.818991931960688202e-01
1.103833182514603939e+00
1.228406047119129596e+00
1.014277518069790274e+00
1.188621642796806155e+00
1.479775751114638327e+00
5.736152352906292995e-01
6.988784134875438703e-01
6.765425827162320216e-01
1.289391926204437544e+00
8.621874519820117433e-01
2.349770975842595533e+00
1.410329032113813996e+00
6.671008105258412479e-01
4.694019428506360780e-01
8.090546589566560698e-01
5.964607717381505969e-01
1.487515649920919225e+00
9.414204352072877979e-01
3.502274977512294662e-01
1.173397000710926452e+00
6.281938892232460381e-01
5.952772423079559783e-01
6.925622363773158430e-01
2.040385891651878669e+00
1.296365295824697172e+00
4.008217529150712721e-01
8.973802615722489273e-01
1.481173015303859142e+00
7.996208581021410078e-01
3.162257207053052466e-01
6.325519533495133073e-01
2.627520292399886936e-01
1.313755117312878751e+00
1.020094683741245678e+00
1.987185017363229500e+00
1.108745481247161546e+00
2.326208927297155615e-01
2.745832128820687168e-01
5.827259876732631128e-01
1.262899588522811811e+00
1.017573128892105050e+00
1.344115956461055861e+00
7.658083662188140961e-01
5.328550234122172435e-01
5.599690992231292075e-01
1.142713317278707397e+00
1.083835983112085399e+00
1.094164093608612998e+00
4.414463653852718217e-01
8.291748225859092436e-01
1.198588121644472038e+00
4.699087897473927522e-01
3.248324184502760503e-01
1.365328238613834344e+00
9.432321550682073452e-01
1.572272399628469319e+00
7.064230293044270192e-01
5.720956032328099461e-01
5.072058283372030685e-01
1.425004725819058127e+00
9.894774075017311876e-01
1.674347985813901207e+00
8.065257575862393447e-01
6.851784360749405556e-01
7.236548878794486495e-01
1.204501022443638103e+00
4.529044537071758025e-01
1.028213406294098631e+00
1.956268010207953933e+00
6.830216419876521394e-01
5.955831227315867560e-01
1.145811303901226763e+00
9.072714614508220476e-01
1.434273141921472705e+00
9.452254581619120577e-01
3.774417051554302960e-01
4.978006564922340949e-01
7.208640094625371475e-01
1.227640551463920149e+00
9.444889465015333663e-01
1.462717116666884198e+00
7.719476663250723902e-01
9.925757578339807763e-01
8.693583293818838431e-01
9.448578093921610188e-01
8.792810579196163046e-01
4.171787732590082065e-01
1.458486525564767433e+00
5.939436929921743102e-01
1.227208320479213022e+00
4.962463119803769418e-01
5.909827793693926967e-01
7.592324222967952174e-01
4.746075322468140123e-01
7.766081398444287798e-01
1.546345203072578278e-01
5.043187675602828213e-01
8.019270906858382286e-01
1.729075579621234482e+00
8.474201147608891871e-01
1.291493953500155500e+00
1.238124356587588570e+00
1.153549500644704295e+00
1.073067716175476249e+00
7.106679949022796094e-01
8.010409151706303632e-01
4.177374686290057926e-01
1.086918348107097421e+00
6.752597019323538508e-01
8.850952421742906973e-01
4.904150551024750726e-01
1.211689309392184111e+00
7.241063335915158827e-01
2.010599354324814847e+00
8.449106085125677179e-01
7.788486022469359726e-01
1.289228211505104804e+00
1.362941108969790260e+00
1.111196486824086227e+00
4.555847919475866092e-01
2.167762607746527515e+00
2.418471026496188947e-01
2.382960118499853341e-01
8.495248994297533995e-01
1.670225808168104731e+00
2.794976812703074409e-01
7.879911397647556548e-01
7.839081925292630260e-01
2.777667112653327552e-01
4.511410345051345971e-01
1.071445462036723084e+00
9.024798206320121530e-01
8.612131029337710686e-01
4.594445481024129752e-01
8.933398211888150531e-01
5.641187730551345814e-01
3.115136542430977373e-01
5.440368179667222082e-01
2.529751855691235174e-01
6.702071815448517045e-01
9.279487521049343268e-01
6.794761607834430839e-01
2.524604437308674010e-01
1.062225692480206041e+00
1.111784336315720934e+00
9.393200799939995793e-01
7.874166986842876526e-01
1.546416351942439871e+00
1.895132576810374614e+00
1.834389830676349975e+00
1.714859072595655842e+00
6.931047577548012928e-01
6.454313761014278672e-01
3.749689132550082515e-01
9.228612070406388979e-01
5.255403723754207279e-01
1.062271484553122480e+00
1.753239832860161940e+00
3.929079450342626290e-01
6.223972494047512738e-01
7.507303692744697887e-01
6.896785309852893064e-01
7.185234895469426730e-01
1.532054446806069947e+00
1.449463751314727711e+00
2.839737425981767038e-01
3.138133884441242638e-01
7.412469546763338357e-01
8.073193970550407439e-01
5.030363250691335386e-01
1.370071354844587974e+00
7.487101853826011455e-01
4.606054120182939138e-01
1.508923441174155444e+00
1.751665610592354483e+00
8.380167634971367185e-01
1.164457712649770382e+00
1.303474340971777945e+00
6.102268376090674851e-01
9.718375226902373765e-01
8.144588184645804585e-01
2.328896749218691276e-01
1.078006885896048761e+00
8.276429497640181987e-01
9.100379365802557796e-01
4.870755760846456894e-01
4.332605510357526724e-01
9.989544211785219563e-01
8.562374761826128111e-01
1.216452530800287590e+00
1.754580766213451826e+00
4.910181955443458923e-01
8.738118783515046450e-01
1.031888257697500588e+00
1.230772069161607668e-01
8.171953102187361484e-01
1.198914555202624577e+00
6.596201743256939753e-01
9.274493130319155787e-01
1.041008075891249440e+00
3.610159099721313436e-01
6.479461337772627338e-01
1.584105476097146692e+00
3.608981939941333650e-01
5.425715018982806281e-01
7.904342370300626586e-01
1.647564987240987433e+00
5.892260420053975212e-01
2.037239401054317334e+00
1.006116052609646871e+00
2.357921959854273108e+00
9.826669949480426602e-01
3.325430267218852931e-01
7.819777520941462168e-01
1.093936162202816531e+00
6.073596165618861953e-01
9.864094250199306746e-01
1.648821164492997093e+00
1.140105625688304425e+00
1.210143711648136167e-01
4.901021129499072426e-01
9.504366537879336274e-01
1.506123869231695833e+00
1.304251273638121100e+00
1.519201066753687046e+00
8.578886955251104895e-01
1.566736422446693089e+00
8.265877183915733006e-01
1.498919561427359826e+00
6.451407330633120996e-01
8.841169230724227335e-01
1.644056181592126631e+00
1.485871441872778309e+00
2.285224908034754754e-01
1.302467903060882115e+00
6.845518688015781450e-01
6.655297854264489166e-01
1.324115398007660316e+00
8.819067266769458069e-01
3.352578710006645646e-01
3.308884753774511966e-01
1.827449715425389642e-01
1.108672264269608521e+00
8.350378438812002813e-01
2.052576052367472315e+00
9.667416470397532935e-01
4.336298220495654054e-01
7.868604613963374739e-01
1.136208360866379108e+00
9.184605683770648010e-01
9.001808046670437546e-01
8.890909381022921165e-01
1.623315144328497661e+00
5.627349794808684802e-01
1.015115032300077047e+00
1.136651671543417175e+00
4.265128786568085362e-01
9.995077762096531426e-01
1.023146099926023789e+00
7.770929246951533420e-01
6.394266673603079543e-01
7.499116697945240606e-01
1.221233368726748481e+00
6.686682670800956352e-01
1.172569930967304774e+00
8.440281540902678792e-01
9.762155380069381660e-01
3.849261268662990676e-01
5.002657379972790253e-01
1.063092188983856046e+00
1.057701746381830565e+00
5.110373251811194395e-01
1.564284892061548637e+00
9.360506838778499539e-01
3.984378101811857920e-01
9.781708887872937463e-01
3.707769083602883153e-01
7.383754741563629542e-01
2.065489235905028753e+00
1.150051415872282323e+00
9.591148302044917306e-01
2.579424009181596200e-01
9.932672097606257688e-01
1.087505539189718595e+00
3.733267834978999389e-01
