1.085955736415527895e+00
1.103945927855097375e+00
9.812444831834078451e-01
9.550274022078499847e-01
6.985327150502015359e-01
1.293802090306540142e+00
1.126046295580991563e+00
1.202312315105566576e+00
1.993724386770635126e+00
1.352769902425302151e+00
5.875647711915703564e-01
7.832777739106050463e-01
1.231140987028889189e+00
9.567852618230601180e-01
1.431145782953528345e+00
1.349116579127531912e+00
8.618416979272340850e-01
7.206936478945963342e-01
1.398615031452121515e+00
6.395095000189099377e-01
2.902695547144101273e-01
1.146607310097816912e+00
7.846478831301055834e-01
1.212998232438895707e+00
6.047453258329955617e-01
8.425854089564452920e-01
6.950105745014881764e-01
6.715867632965993872e-01
1.062217224807031624e+00
7.369916390123995020e-01
6.414954397179895018e-01
3.044924219945222554e-01
8.456689258165114298e-01
8.418013340126206945e-01
7.578991319933844339e-01
9.523385930583916359e-01
1.428328321049311622e+00
1.024380249732891102e+00
2.947711857365541976e-01
2.994354771464729503e-01
5.810739306945340577e-01
1.255329775798320058e-01
7.268797638836105302e-01
7.720109369527238252e-01
1.436144310601096707e+00
1.178536101317020357e+00
1.965187840561714028e+00
7.379219940995775939e-01
7.396931452268169505e-01
1.430992688410770874e+00
9.036767738348471246e-01
1.228275703149954712e+00
1.162235271441040663e+00
1.496390224450849571e+00
4.959529500416124392e-01
7.508945650900902269e-01
9.293640492331316505e-01
3.195276796594917479e-01
2.472743216659750165e-01
1.088832892364975713e+00
7.560342521790518466e-01
6.818693981286606531e-01
6.793758381223394816e-01
1.536748545388210985e-01
1.529494898335785447e+00
1.428288297188626155e+00
2.723294451019666607e-01
6.127237591869669764e-01
1.150844210017809566e+00
1.614310693736911162e+00
1.807968937578597002e+00
1.807724543998484812e+00
5.866658599685433684e-01
3.285402430290521036e-01
7.504616424368129035e-01
7.081536518690427773e-01
8.575768924978739438e-01
8.104866651896516228e-01
6.442166418782028225e-01
2.351705723203803833e-01
4.740083726395387109e-01
2.436934969403510565e-01
7.222299383604695588e-01
5.436815226242543986e-01
7.763655118745469430e-01
2.659285045708154605e-01
3.210773501644804129e-01
4.058903494531046485e-01
3.770586915456890509e-01
4.494152802841267502e-01
1.672658297585654930e-01
1.163807304405576559e+00
5.188696989595722453e-01
1.487055403029728495e+00
5.168300373534855385e-01
1.297617255402961467e+00
9.582203104677514682e-01
1.007053625647875705e+00
5.531556844090494973e-01
1.956156802261657390e-01
8.082700376410738574e-01
1.361749353830932208e+00
9.745046461680526573e-01
1.850801623151597575e+00
1.819821510236067752e+00
6.178346522529035711e-01
4.862751713431100464e-01
1.112321997139260388e+00
2.129922465691619138e+00
1.117492360702265097e+00
2.865460190998090351e-01
2.451007505547582621e+00
8.723449023422840121e-01
5.497255937216409816e-01
6.532357208594787856e-01
8.335033824550771575e-01
7.075367600197082218e-01
6.426503379612056310e-01
2.190634236478540497e+00
1.408397130853181078e+00
3.278086365314462070e-01
6.200327544270592961e-01
1.150854774811403747e+00
1.670554300447766760e+00
1.064437910138008148e+00
7.194681399766619245e-01
3.600002224591156152e-01
1.146777505808629583e+00
9.397698859866325805e-01
9.353518750298295270e-01
4.009805973909632559e-01
1.671643755657615138e+00
8.934958270372519440e-01
9.690100366979247370e-01
9.640551014795575302e-01
5.379481365184831665e-01
9.521290970094594686e-01
1.921554491959802435e+00
8.632092626972854843e-01
9.677790511100975435e-01
3.662906348641517540e-01
8.376586775876790902e-01
8.699349904101352227e-01
5.642920557457338226e-01
1.028952101681634534e+00
5.557327070340456476e-01
6.303365082674613484e-01
7.775223802424420239e-01
3.649626213639333705e-01
1.039835761440852657e+00
9.863850847055166682e-01
1.081896776184845255e+00
4.106531911997032824e-01
8.423618103023157166e-01
6.420438937449596262e-01
9.176321046172239981e-01
5.503048506844776533e-01
1.090444333469131388e+00
7.553358099987190766e-01
1.945926895006153678e+00
2.751298717823545958e-01
2.954494226763830222e-01
1.890603607309259582e+00
4.750696062214270765e-01
1.386120047541185452e+00
4.315923228013347490e-01
9.156617223675315165e-01
9.955831236891526936e-01
1.408184706578850420e+00
7.086977808071922569e-01
1.178635815123299180e+00
5.667360386810512685e-01
1.779347630433755212e+00
3.924218289880704313e-01
1.886668114613440916e-01
1.359221903539141962e+00
4.779876388871885928e-01
8.363897707521846803e-01
9.347169715672023482e-01
7.794373776782763663e-01
3.757956107908674848e-01
8.723989981966406848e-01
6.629926180237299960e-01
3.630857741513586756e-01
5.462110546356162555e-01
1.773872081975338189e+00
1.192690002000330818e+00
5.578825253621479963e-01
1.336835648568975632e+00
1.197356249257924610e+00
5.629087655685601765e-01
5.735987096778323302e-01
8.672124891278775172e-01
1.051161176264558961e-01
1.228464424751864570e+00
1.337945909155751734e+00
2.783990701591095851e-01
4.955354739257518681e-01
8.959114526264485567e-01
1.249249571734677655e+00
2.343277806419324649e-01
2.783706963194524375e-01
3.649677082597075350e-01
1.681705857574173901e-01
1.239304645907232799e-01
1.059858100340125731e+00
9.754294812760331279e-01
1.178405382794278422e+00
3.159075369357068341e-01
1.041945729854382163e+00
7.307075326261610604e-01
1.464697397584653782e+00
2.581430325367471967e-01
1.619256947468605379e+00
4.796840044042832152e-01
9.267037818302212848e-01
1.208805134795395864e+00
1.016639290976804277e+00
8.007629139669368845e-01
8.394871437289931349e-01
8.444242340542275072e-01
4.611757048101762235e-01
6.479782799118537495e-01
1.257372429327820562e+00
7.844388506621882140e-01
9.123097522878087506e-01
1.675228363978743973e+00
1.202240238060266364e+00
2.776000493684511738e-01
1.187985968078309140e+00
3.191908254192428740e-01
7.785224253280839113e-01
4.371406811157198535e-01
8.023781243616852077e-01
4.281705587663004464e-01
1.817596057852088220e+00
9.312958476430960308e-01
4.925901051949970744e-01
5.389956568605409615e-01
9.110702872993623469e-01
7.976795777933579634e-01
3.671636531645449675e-01
5.078606586666032374e-01
8.482895973157958958e-01
9.785287643369848798e-01
1.088026794468272274e-01
6.525667925114629897e-01
6.624166751435546230e-01
3.107120707542778693e-01
1.479974200242098137e+00
4.964930247239071059e-01
5.860869695958133008e-01
7.697793387942345467e-01
4.176798933158380467e-01
3.886012044785335240e-01
1.422061181959602072e+00
4.703567429133415634e-01
7.923767860967039223e-01
5.155652099589813631e-01
7.234192366744115477e-01
1.300555012850695746e+00
1.484536763533997439e+00
6.443058313736591547e-01
8.828878002084283860e-01
1.047296561081763056e+00
1.704357777147745612e+00
1.349335228236550943e+00
2.839180400521595371e-01
1.496545942270829599e+00
1.001469897950533650e+00
3.713280095235065303e-01
8.607077658145892984e-01
3.886048992249418466e-01
3.921013741717133128e-01
1.010389924450255439e+00
3.614578176060199710e-01
8.541315567236502648e-01
8.364921152795971038e-01
4.800082169710173652e-01
5.252024844223733835e-01
9.117775241638622630e-01
8.890376512029156686e-01
1.059139065772171096e+00
4.498685979169035343e-01
6.579980706747154962e-01
1.484613828688194692e+00
8.033239933633049557e-01
3.983613510566662019e-01
1.340157231994502096e+00
1.519861185836953954e+00
5.961603859102974079e-01
6.060025429565706334e-01
1.365771284875946456e+00
6.601202072062928305e-01
2.192944754517546502e-01
6.362713510405958450e-01
3.217788408388368993e-01
8.123490155948112079e-01
8.632296775154487678e-01
1.409620375409765147e+00
6.846442620365338350e-01
1.378819247339061027e+00
1.134625435697857121e+00
5.319878564125434250e-01
8.271950218541005428e-01
8.159310027959995049e-01
3.155340692793341950e-01
2.458649523993148733e+00
5.227751671563639624e-01
4.015355997657344411e-01
1.210529865390805204e+00
1.142911185687934816e+00
1.973445237693291499e-01
1.032975243334347759e+00
1.334021395833183243e+00
1.152360979636834593e+00
1.045383808326840525e+00
9.421693739606311624e-01
1.422576408490282329e+00
1.733375307155095912e+00
8.558642320010604321e-01
1.234331619848953787e+00
1.921815825553501167e+00
7.407977303584334372e-01
1.042949100120879713e+00
1.059074251776601194e+00
9.422159191491313868e-01
6.460395691671236840e-01
5.041119205827625516e-01
1.538756000562955473e+00
5.604846153027734923e-01
5.471232385237130291e-01
1.112821405507658845e+00
7.398686935200711190e-01
6.157600569953213254e-01
2.509503433317100130e-01
2.583355847323041132e-01
3.086809552033564774e-01
1.658522864528377605e+00
1.214848063018074464e+00
8.084345061656150744e-01
2.046756417560990915e+00
1.137980290194661182e+00
6.881519358981534884e-01
8.472630616052366781e-01
1.154528887985057928e+00
9.184779338000356175e-01
4.002396487534073954e-01
1.538588303784742761e+00
3.859371215116687570e-01
2.560227700086118441e-01
6.882652476776162098e-01
1.513995760132722246e-01
9.070889208563506223e-01
6.961140489011905519e-01
1.174195682476939950e+00
5.141173306031703305e-01
1.513348078465570845e+00
4.646977895520193469e-01
6.260629690633594535e-01
6.431318695728514001e-01
6.882348892520393502e-01
8.701629927414968879e-01
9.175591657306501059e-01
1.233591555873824186e+00
6.632030845529731655e-01
1.421453923370997074e+00
3.458027495786650807e-01
1.142377480502180687e+00
5.295260523317216750e-01
7.158093333098453082e-01
2.769775647461545365e-01
6.379132087645347227e-01
6.819513429335513077e-01
1.273518205604522002e+00
6.733843124030748362e-01
1.787835940236663923e-01
6.783393700762371248e-01
5.597802100755745469e-01
6.798942307138760022e-01
1.283036053293664436e+00
8.769739034581019999e-01
7.466428070669376416e-01
1.828767338912542062e+00
3.336998190105813222e-01
1.298529253751371737e+00
8.878043637365616858e-01
6.320241980392216075e-01
6.066815799679131649e-01
7.195559141449866525e-01
8.688188849792736201e-01
4.710522974033801158e-01
1.182330531726255352e+00
2.224833673063007777e-01
2.990949457072479833e-01
2.711606206923997120e-01
5.868730458106696801e-01
9.499479579858468581e-01
6.195482769982563198e-01
8.087723411851731603e-01
9.974213628656026787e-01
1.585435488094058210e+00
8.500715508515631624e-01
6.193581508005000513e-01
1.190330317120463360e-01
5.249420990897463168e-01
1.743833372758650802e+00
1.203507200596600990e+00
7.744036034387546952e-01
2.199115793167840227e+00
1.758307188446709635e+00
8.459350201222772814e-01
2.784932396460507720e-01
8.866907088313047414e-01
1.744749920451096892e-01
7.790956875755487010e-01
1.398648530205580665e+00
1.246845578674469213e+00
9.418174858985922659e-01
2.836181895010678744e-01
8.270666022110606530e-01
1.234552125348813423e+00
1.480985798810123155e+00
2.788675563463277052e-01
2.556240134079644788e-01
6.256808064197504349e-01
9.516787841302086770e-01
9.800652852388351821e-01
3.811022500447122652e-01
4.260401995829661281e-01
8.035343989297838441e-01
1.240056715636494777e+00
4.655977827245841860e-01
4.323300472239312575e-01
1.113341299051592737e+00
1.261953439490296924e+00
1.947279760315476338e+00
6.515320637562138639e-01
7.263648087201630688e-01
1.917225544348384325e+00
1.414712078716227284e+00
1.995406790637476613e+00
6.810852065414376710e-01
7.514016065175296299e-01
1.367854746115944264e+00
4.591313358579184323e-01
2.892739555577654720e-01
9.585755967384894660e-01
1.039499077102991720e+00
6.935516642986804259e-01
6.763270477354134114e-01
1.238769930725561297e+00
4.423001696730019527e-01
1.096057017842356540e+00
5.371126934484330429e-01
7.408102816461252793e-01
1.054671622336175174e+00
1.718840574558855749e+00
8.137826040620519397e-01
7.781034320329168752e-01
3.515917300699979431e-01
7.315972150225225068e-01
9.452116389531671770e-01
4.622953664915510630e-01
1.089764271845705013e+00
3.539099987794701585e-01
1.981335167952028575e+00
8.186830822474672198e-01
4.646824159292084477e-01
2.273486380328134659e-01
8.678651241072350420e-01
1.476927087003576000e+00
8.123880032660250050e-01
1.595420951778463436e+00
7.188646272945717897e-01
1.752878056569321830e+00
1.271661753703513087e+00
7.137065013358824261e-01
1.084906080175676468e+00
4.994844531911899477e-01
6.104553814000190926e-01
5.968847529135565821e-01
1.587575115542571025e+00
1.257269981472502574e+00
7.440530446372350948e-01
5.172684505510589670e-01
1.800101961498904224e+00
5.700433395973739659e-01
5.953536122167212286e-01
8.229154300343505257e-01
6.970732988572921895e-01
1.814843349413232110e-01
1.005977372343717535e+00
8.103728473217945982e-01
6.383380004004073349e-01
6.897314024080045680e-01
3.445381814330693016e-01
5.417664763216517576e-01
2.149946919718245253e-01
5.020096104284179628e-01
4.118732715671966083e-01
7.693320220755893724e-01
1.054611397702533537e+00
8.322178781713004403e-01
7.756504294334548577e-01
3.512470613386269869e-01
6.599258477249800858e-01
7.313339887611201018e-01
1.882668682521165371e+00
5.936733783378430607e-01
1.578419690180335566e+00
5.830857505652294881e-01
1.139669043882554966e+00
1.151338469415019938e+00
6.481547932457933925e-01
1.796234375156727348e+00
8.403364175417827875e-01
1.310990014015688931e+00
2.800818133322043324e-01
1.191926094716138529e+00
4.417875100368934271e-01
2.945723117469053465e-01
9.613029581104275412e-01
1.189846746955255163e+00
8.632591406748978402e-01
6.589662683617176775e-01
3.782220402162992379e-01
3.937653510379164890e-01
5.080731647452150224e-01
3.446997337532963779e-01
7.868434720667211169e-01
6.398347871099382411e-01
4.969314344053321064e-01
8.951054227159280785e-01
1.019798215116323847e+00
9.545135981399068825e-01
1.224983678981764523e+00
8.064322707135644919e-01
1.838756633779583094e+00
1.017244290470142198e+00
1.392240415650073393e+00
1.286491165802759795e+00
1.223176980863835750e+00
6.875220056402966406e-01
2.199390482466326013e-01
2.962281933721658267e-01
7.524292791571143280e-01
1.160905602656558733e+00
8.823103303478774251e-01
6.861311008412269707e-01
3.365113183914431594e-01
8.509654588005712839e-01
9.961616174559119186e-01
2.175450550798380400e-01
1.807827812883778806e+00
1.340384358126178732e+00
1.482481738208899225e-01
3.689255835078899537e-01
8.738107787656407277e-01
1.630803601857625240e-01
9.176432132064907821e-01
2.476358164203191214e-01
8.780625650091536949e-01
5.619394886146218404e-01
1.627201772560739945e+00
1.454757288412296345e+00
1.610487458915050629e+00
1.064030034148642168e+00
1.833133179085617126e+00
1.823221305912871903e+00
1.979494243673074694e+00
6.870414997301644844e-01
1.074235177509322625e+00
9.868629691009759286e-01
8.947292129785318071e-01
3.698330533946272425e-01
5.909871875756649295e-01
5.115922480883273726e-01
3.846386182986250568e-01
6.705637614494288634e-01
4.496582222115857452e-01
4.627938760286086639e-01
1.403920818330957054e+00
1.351269220743533728e+00
1.174365409001305149e+00
6.131348818655316668e-01
6.521523405701117326e-01
9.591179995034188055e-01
1.018081021512649675e+00
8.238294048209257037e-01
7.315550226640439302e-01
7.091776738230470833e-01
3.715620538120968930e-01
2.011969433821231945e+00
5.056804209111358528e-01
6.900743320684892268e-01
1.138484521790622317e+00
9.393472420631350239e-01
1.126654001320821274e+00
5.996181380602106925e-01
1.355114042780421579e+00
1.500907359324736401e+00
1.370123643912965372e+00
2.025244000769001185e-01
9.712423139204610090e-01
1.550277003258572206e+00
3.686277000508264012e-01
5.204114037912095370e-01
6.609129441146314177e-01
1.932822325158720655e-01
7.426071413778558838e-01
6.249133373841282424e-01
1.637313351431624708e+00
3.826918612553489307e-01
7.441035054605752430e-01
6.197846091498575571e-01
1.151211273475001073e+00
1.421033806849945735e+00
1.259419673568271003e+00
1.084968747981877923e+00
4.098623121879454434e-01
1.171464131965072486e+00
1.030928720786958186e+00
1.633153399151312746e+00
1.083075696277714828e+00
2.608615180591830618e-01
1.439003067661081658e+00
6.338295866742862383e-01
7.742685342288169181e-01
1.275279701410466870e+00
4.613531245226075161e-01
5.572051350397860814e-01
8.491608404541413080e-01
8.413764827270271418e-01
7.890317554143462253e-01
7.958617942352530505e-01
4.123484662799713485e-01
5.963333361774538766e-01
8.520243010119004090e-01
4.341228376755002505e-01
2.395017014898634056e+00
6.972146001254948544e-01
1.498796673507938770e+00
5.107363266874309637e-01
1.498005615627086007e+00
1.537675319894709514e+00
1.191762574292403176e+00
6.449035091633078531e-01
1.211500257496487931e+00
1.506328913475746267e-01
8.405257983017357937e-01
6.500657522236383823e-01
7.015871681133009075e-01
1.427298383041585295e+00
5.328124976497972121e-01
1.748924271374535655e+00
1.410300515876616867e+00
4.498640254626883328e-01
2.944120684606404970e-01
8.252597253573447089e-01
1.979811985452287759e-01
7.750219339101210858e-01
9.889720099746150961e-01
1.167399448977907150e+00
6.394377119290977074e-01
4.020563474488070832e-01
6.402990971401202325e-01
9.525849593805290061e-01
1.198162897323471254e+00
3.850186180611865905e-01
9.432125501598909167e-01
9.685593656874749158e-01
4.894226090869801538e-01
3.939354671744142444e-01
5.476414556824991120e-01
1.408748504024673887e+00
5.183263724767097624e-01
7.193845364903331818e-01
4.413956908557566949e-01
9.973366680838612330e-01
1.107252732131176698e+00
7.929445259737178953e-01
7.389589585765699020e-01
1.125268155633014633e+00
1.022304202549744634e+00
3.147230050277470825e-01
1.705976636579755068e+00
6.352535657902034227e-01
9.451770789633566761e-01
6.817389751344585802e-01
6.063160131109891493e-01
1.400419763101010906e+00
5.136886549634580579e-01
7.097885229511768923e-01
2.118977298966535916e-01
3.779937705932075453e-01
6.751376308351537681e-01
2.111988509499235778e-01
7.379512161936133685e-01
1.284216179129545887e+00
1.079911133298026904e+00
8.299938530265512648e-01
4.632783504315050593e-01
5.770826320299796697e-01
7.243148867252494627e-01
6.838528579342336711e-01
9.081969679287102970e-01
9.571632241003286135e-01
1.060192797031867862e+00
8.640247218808603247e-01
1.351075790033346102e+00
1.737545506515573157e+00
1.064609031858636312e+00
6.395935345921097692e-01
5.644214789055430614e-01
8.752858307259103743e-01
1.056009457840974219e+00
1.029631541887669588e+00
1.397000257809150492e+00
7.980861657608768756e-01
4.227081896949003159e-01
1.720527410956111725e+00
1.438574035550225449e+00
1.972025386953977666e+00
5.380848613919212431e-01
1.701573149695848886e-01
7.208692548245649867e-01
4.097900969767947488e-01
9.714695452694027678e-01
5.837775913384366522e-01
6.239519660124572820e-01
9.884068421817300276e-01
1.228407912104199973e+00
8.798534730376879054e-01
1.496672718977425820e+00
6.590582205990002107e-01
1.332544433959503394e+00
1.485845381545994215e+00
3.654534822803506278e-01
1.771858211947899608e+00
4.773058166972444782e-01
7.079180861699161387e-01
1.483824575105206378e+00
5.050697945141263689e-01
6.741660836426403014e-01
1.168535735906923723e+00
9.736944414361903277e-01
4.866325342330601877e-01
9.701829714201765098e-01
9.708717117090804871e-01
2.537741189348660664e-01
4.948527714993258275e-01
1.283072676824769554e+00
1.061143300975004866e+00
3.859235231286280432e-01
5.805119379739254182e-01
1.226770802979483488e+00
1.094223778593909957e+00
2.861162096538444888e-01
4.485461081490292323e-01
6.919330759164886713e-01
6.349470033389275070e-01
1.273970796586915144e+00
1.143839461710456140e+00
8.246492456184681963e-01
1.053974858472376264e+00
6.494627012890790141e-01
1.114029072580408064e+00
1.560850944260682827e+00
3.953729077836484196e-01
5.302838411078979464e-01
1.173114288797382665e+00
1.333929970279154054e+00
1.090061505224025895e+00
6.531880537674240594e-01
8.073778427479694209e-01
8.830386204448310572e-01
4.495746203318095047e-01
5.843366137183283460e-01
2.727355565021417072e-01
9.735247744674427883e-01
1.299545430350960373e+00
6.335032967842166851e-01
2.621617486732174540e-01
9.690323795218123148e-01
6.678694969299769912e-01
9.579607328106287678e-01
2.335831725870115338e+00
9.577294487662723066e-01
8.165402623226614143e-01
8.994278588058454149e-01
2.583456207336076171e-01
1.542545377396734363e+00
8.450171725617249274e-01
4.530717263230427672e-01
5.040062429675817857e-01
1.137581646571899086e+00
1.509057278982340433e+00
4.394697445606088881e-01
2.555210554386970201e-01
4.709064625764782797e-01
1.348590132062520430e+00
2.528926535413328347e-01
5.519613418339888167e-01
5.935901692667939766e-01
9.437943248126668960e-01
4.885489380915792879e-01
4.937505892432861310e-01
1.258081806980432260e+00
7.006182822305685454e-01
5.493794053679705858e-01
1.690515634537026690e+00
9.700043034531836694e-01
1.412180967218991112e+00
1.188924483949097333e+00
2.786524333031163425e-01
4.444652656584285877e-01
1.214468654144416737e+00
1.832625532658731793e-01
2.193873326621225417e-01
1.718052569062887558e-01
1.146149350212073204e+00
7.387040734267945608e-01
8.838506157192903556e-01
1.229789313981959564e+00
7.973547677038130832e-01
1.149726577671136729e+00
5.685482534480059691e-01
5.735536657367120705e-01
6.846587622548286900e-01
7.952956634893406651e-01
7.056183741661284925e-01
1.154410462111592928e+00
6.961235601773200221e-01
3.264010609207539382e-01
1.171666836863062500e+00
1.364998957895659837e+00
5.440228254472032621e-01
1.464184586466464433e+00
5.671724971111801183e-01
1.121175075132190280e+00
1.029797241574413658e+00
1.137368329567395531e+00
7.183742083921408339e-01
5.427885035005077796e-01
5.899260622047491909e-01
1.146090935138834199e+00
7.990114068438695094e-01
1.144180462349006611e+00
3.131612931042991321e-01
1.588744685873509477e+00
5.848667785167173117e-01
8.174070362203778028e-01
1.784568890034598176e+00
1.348179068947781056e+00
4.753795907607815674e-01
1.019720238173907667e+00
1.313061870190045832e+00
8.255224098996050142e-01
1.647555991443791834e+00
5.135575476530905847e-01
5.819225014184222777e-01
6.710671924445860137e-01
5.681414458210274354e-01
3.758637005782754503e-01
3.151666650731689834e-01
1.106875271763108959e+00
7.148848672552655659e-01
6.301531487654786767e-01
1.258450613636415083e+00
7.345921090963465350e-01
1.254511167545590000e+00
4.284837711448375996e-01
6.921433394354866708e-01
1.085560906975528539e+00
6.598307055881285077e-01
9.365152686511485358e-01
1.143758144724716708e+00
5.217305890543093572e-01
4.021429766091872415e-01
1.546099591809211526e+00
1.081158614538528573e+00
3.005487300775033233e-01
8.932873043149655023e-01
2.105656822367815373e+00
1.789142291259671058e+00
7.876538642523255307e-01
3.490828131236290433e-01
8.090431440213823322e-01
4.646923424063019725e-01
5.752618208142187273e-01
8.634297452166342923e-01
1.943005944367896864e+00
7.317729759353529539e-01
7.603721233298459392e-01
6.307532361039478452e-01
1.394888015092359046e+00
7.816199567549547700e-01
7.623578870756045900e-01
7.084445589121103337e-01
5.329027008822769806e-01
1.094607901897039381e+00
2.874873397723471391e-01
3.698273178851331777e-01
4.255941637496374885e-01
7.967588299662857754e-01
1.640861062981414431e+00
9.881717853896164749e-01
3.622988862246910857e-01
2.190242849627720201e+00
8.506385553482769257e-01
6.062965741063265357e-01
5.784422481895078461e-01
8.066481423847144949e-01
6.560672355610682738e-01
8.479405283617444944e-01
4.848080386061369706e-01
2.913668599516570978e+00
8.459147966233930838e-01
1.253857998505103710e+00
2.150717543840780233e-01
6.548716797243960830e-01
8.039348090055323803e-01
8.605522256659553504e-01
8.459643034236969950e-01
4.793219674502393612e-01
3.758118230708611951e-01
2.116682055816004049e-01
4.168725856778368599e-01
4.234147747101116299e-01
1.054298765216767020e+00
5.506736457911372007e-01
8.223296577721863621e-01
6.883069747133487848e-01
1.157407515682747690e+00
5.023701074575073200e-01
1.486041360981550596e+00
1.597861064454771274e+00
1.978232467032133624e+00
8.911015549331330332e-01
1.198281802700990273e+00
4.641167450801354510e-01
4.118081263508732714e-01
3.475470321006217111e-01
3.923563862193339968e-01
6.485865261959537775e-02
5.081130577041669261e-01
5.582951544174485914e-01
1.198803128140855767e+00
1.890194752443083104e+00
1.577550475859042234e-01
1.710831189007074871e+00
1.709501362717052553e+00
8.145368275464920371e-01
3.320074926233094748e-01
1.275440873269378272e+00
6.105604289843821197e-01
1.517202857450453690e+00
1.084792856642011527e+00
6.097315218903973655e-01
1.562402013450655769e+00
3.743260159889635896e-01
7.503339840876562805e-01
6.398505413257521424e-01
8.703966968347254252e-01
2.891094028314662445e-01
1.129054113394925146e-01
9.741108742259511066e-01
6.525168683046534968e-01
5.916407177409039875e-01
8.133251586726499838e-01
5.727991209894501834e-01
5.760115799213018084e-01
4.661818371732217581e-01
1.317737016905353276e+00
6.137846787248311120e-01
5.505105628889257474e-01
3.324475471355951006e-01
1.745782033378872722e+00
2.246875655734398847e-01
1.158018274646301693e+00
4.705713611002508845e-01
7.379349950253553114e-01
3.410713298296847995e-01
8.977633510607208045e-01
1.701896031657451180e+00
1.691431626167432034e+00
2.905183111405950092e-01
5.090218544534582668e-01
1.722837622777049660e+00
1.201544036730952808e-01
1.807946778932092879e+00
1.152230347536584487e+00
9.446156849708525760e-01
6.737676024473963077e-01
1.026036700080080522e+00
1.328780977011088105e+00
1.085706295247627295e+00
9.958407640272508576e-01
4.276998230699548542e-01
4.390302068206941022e-01
3.984494091804508531e-01
8.851298965569074362e-01
1.162511382143000205e+00
2.220891651574898040e-01
1.417641429567940703e+00
9.694293547661397836e-01
9.061948986144012785e-01
2.811051385359671362e-01
9.855416429353953678e-01
1.530723248384453061e+00
3.629904206749132722e-01
7.721702924267391799e-01
1.650091037442317499e-01
9.068756838553424515e-01
3.582751868607138013e-01
1.001414565488185637e+00
7.565898870857002967e-01
2.954088886240162082e-01
1.159901178301165015e+00
1.523751609804447682e+00
1.179555158270012782e+00
6.768391463126389729e-01
4.190610598634354478e-01
