Wavelength(nm)	n	k
4.00000e+03	1.84400e+00	0.00000e+00
4.01000e+03	1.84350e+00	0.00000e+00
4.02000e+03	1.84300e+00	0.00000e+00
4.03000e+03	1.84300e+00	0.00000e+00
4.04000e+03	1.84267e+00	0.00000e+00
4.05000e+03	1.84200e+00	0.00000e+00
4.06000e+03	1.84200e+00	0.00000e+00
4.07000e+03	1.84200e+00	0.00000e+00
4.08000e+03	1.84100e+00	0.00000e+00
4.09000e+03	1.84100e+00	0.00000e+00
4.10000e+03	1.84100e+00	0.00000e+00
4.11000e+03	1.84000e+00	0.00000e+00
4.12000e+03	1.84000e+00	0.00000e+00
4.13000e+03	1.84000e+00	0.00000e+00
4.14000e+03	1.83917e+00	0.00000e+00
4.15000e+03	1.83900e+00	0.00000e+00
4.16000e+03	1.83900e+00	0.00000e+00
4.17000e+03	1.83871e+00	0.00000e+00
4.18000e+03	1.83800e+00	0.00000e+00
4.19000e+03	1.83800e+00	0.00000e+00
4.20000e+03	1.83729e+00	0.00000e+00
4.21000e+03	1.83700e+00	0.00000e+00
4.22000e+03	1.83700e+00	0.00000e+00
4.23000e+03	1.83600e+00	0.00000e+00
4.24000e+03	1.83600e+00	0.00000e+00
4.25000e+03	1.83600e+00	0.00000e+00
4.26000e+03	1.83557e+00	0.00000e+00
4.27000e+03	1.83500e+00	0.00000e+00
4.28000e+03	1.83500e+00	0.00000e+00
4.29000e+03	1.83429e+00	0.00000e+00
4.30000e+03	1.83400e+00	0.00000e+00
4.31000e+03	1.83400e+00	0.00000e+00
4.32000e+03	1.83314e+00	0.00000e+00
4.33000e+03	1.83300e+00	0.00000e+00
4.34000e+03	1.83300e+00	0.00000e+00
4.35000e+03	1.83200e+00	0.00000e+00
4.36000e+03	1.83200e+00	0.00000e+00
4.37000e+03	1.83200e+00	0.00000e+00
4.38000e+03	1.83100e+00	0.00000e+00
4.39000e+03	1.83100e+00	0.00000e+00
4.40000e+03	1.83025e+00	0.00000e+00
4.41000e+03	1.83000e+00	0.00000e+00
4.42000e+03	1.83000e+00	0.00000e+00
4.43000e+03	1.82925e+00	0.00000e+00
4.44000e+03	1.82900e+00	0.00000e+00
4.45000e+03	1.82900e+00	0.00000e+00
4.46000e+03	1.82825e+00	0.00000e+00
4.47000e+03	1.82800e+00	0.00000e+00
4.48000e+03	1.82771e+00	0.00000e+00
4.49000e+03	1.82700e+00	0.00000e+00
4.50000e+03	1.82700e+00	0.00000e+00
4.51000e+03	1.82687e+00	0.00000e+00
4.52000e+03	1.82600e+00	0.00000e+00
4.53000e+03	1.82600e+00	0.00000e+00
4.54000e+03	1.82500e+00	0.00000e+00
4.55000e+03	1.82500e+00	0.00000e+00
4.56000e+03	1.82450e+00	0.00000e+00
4.57000e+03	1.82400e+00	0.00000e+00
4.58000e+03	1.82400e+00	0.00000e+00
4.59000e+03	1.82300e+00	0.00000e+00
4.60000e+03	1.82300e+00	0.00000e+00
4.61000e+03	1.82300e+00	0.00000e+00
4.62000e+03	1.82212e+00	0.00000e+00
4.63000e+03	1.82200e+00	0.00000e+00
4.64000e+03	1.82175e+00	0.00000e+00
4.65000e+03	1.82100e+00	0.00000e+00
4.66000e+03	1.82100e+00	0.00000e+00
4.67000e+03	1.82012e+00	0.00000e+00
4.68000e+03	1.82000e+00	0.00000e+00
4.69000e+03	1.81978e+00	0.00000e+00
4.70000e+03	1.81900e+00	0.00000e+00
4.71000e+03	1.81900e+00	0.00000e+00
4.72000e+03	1.81825e+00	0.00000e+00
4.73000e+03	1.81800e+00	0.00000e+00
4.74000e+03	1.81700e+00	0.00000e+00
4.75000e+03	1.81700e+00	0.00000e+00
4.76000e+03	1.81667e+00	0.00000e+00
4.77000e+03	1.81600e+00	0.00000e+00
4.78000e+03	1.81600e+00	0.00000e+00
4.79000e+03	1.81522e+00	0.00000e+00
4.80000e+03	1.81500e+00	0.00000e+00
4.81000e+03	1.81500e+00	0.00000e+00
4.82000e+03	1.81400e+00	0.00000e+00
4.83000e+03	1.81378e+00	0.00000e+00
4.84000e+03	1.81300e+00	0.00000e+00
4.85000e+03	1.81300e+00	0.00000e+00
4.86000e+03	1.81244e+00	0.00000e+00
4.87000e+03	1.81200e+00	0.00000e+00
4.88000e+03	1.81122e+00	0.00000e+00
4.89000e+03	1.81100e+00	0.00000e+00
4.90000e+03	1.81100e+00	0.00000e+00
4.91000e+03	1.81000e+00	0.00000e+00
4.92000e+03	1.80990e+00	0.00000e+00
4.93000e+03	1.80900e+00	0.00000e+00
4.94000e+03	1.80900e+00	0.00000e+00
4.95000e+03	1.80870e+00	0.00000e+00
4.96000e+03	1.80800e+00	0.00000e+00
4.97000e+03	1.80760e+00	0.00000e+00
4.98000e+03	1.80700e+00	0.00000e+00
4.99000e+03	1.80656e+00	0.00000e+00
5.00000e+03	1.80600e+00	0.00000e+00
5.01000e+03	1.80600e+00	0.00000e+00
5.02000e+03	1.80540e+00	0.00000e+00
5.03000e+03	1.80500e+00	0.00000e+00
5.04000e+03	1.80440e+00	0.00000e+00
5.05000e+03	1.80400e+00	0.00000e+00
5.06000e+03	1.80333e+00	0.00000e+00
5.07000e+03	1.80300e+00	0.00000e+00
5.08000e+03	1.80230e+00	0.00000e+00
5.09000e+03	1.80200e+00	0.00000e+00
5.10000e+03	1.80130e+00	0.00000e+00
5.11000e+03	1.80100e+00	0.00000e+00
5.12000e+03	1.80030e+00	0.00000e+00
5.13000e+03	1.80000e+00	0.00000e+00
5.14000e+03	1.79940e+00	0.00000e+00
5.15000e+03	1.79900e+00	0.00000e+00
5.16000e+03	1.79840e+00	0.00000e+00
5.17000e+03	1.79800e+00	0.00000e+00
5.18000e+03	1.79750e+00	0.00000e+00
5.19000e+03	1.79700e+00	0.00000e+00
5.20000e+03	1.79654e+00	0.00000e+00
5.21000e+03	1.79600e+00	0.00000e+00
5.22000e+03	1.79564e+00	0.00000e+00
5.23000e+03	1.79500e+00	0.00000e+00
5.24000e+03	1.79473e+00	0.00000e+00
5.25000e+03	1.79400e+00	0.00000e+00
5.26000e+03	1.79390e+00	0.00000e+00
5.27000e+03	1.79300e+00	0.00000e+00
5.28000e+03	1.79300e+00	0.00000e+00
5.29000e+03	1.79209e+00	0.00000e+00
5.30000e+03	1.79200e+00	0.00000e+00
5.31000e+03	1.79120e+00	0.00000e+00
5.32000e+03	1.79027e+00	0.00000e+00
5.33000e+03	1.79000e+00	0.00000e+00
5.34000e+03	1.78945e+00	0.00000e+00
5.35000e+03	1.78900e+00	0.00000e+00
5.36000e+03	1.78864e+00	0.00000e+00
5.37000e+03	1.78775e+00	0.00000e+00
5.38000e+03	1.78700e+00	0.00000e+00
5.39000e+03	1.78700e+00	0.00000e+00
5.40000e+03	1.78609e+00	0.00000e+00
5.41000e+03	1.78600e+00	0.00000e+00
5.42000e+03	1.78533e+00	0.00000e+00
5.43000e+03	1.78445e+00	0.00000e+00
5.44000e+03	1.78400e+00	0.00000e+00
5.45000e+03	1.78367e+00	0.00000e+00
5.46000e+03	1.78300e+00	0.00000e+00
5.47000e+03	1.78292e+00	0.00000e+00
5.48000e+03	1.78208e+00	0.00000e+00
5.49000e+03	1.78125e+00	0.00000e+00
5.50000e+03	1.78100e+00	0.00000e+00
5.51000e+03	1.78050e+00	0.00000e+00
5.52000e+03	1.77967e+00	0.00000e+00
5.53000e+03	1.77900e+00	0.00000e+00
5.54000e+03	1.77892e+00	0.00000e+00
5.55000e+03	1.77808e+00	0.00000e+00
5.56000e+03	1.77725e+00	0.00000e+00
5.57000e+03	1.77700e+00	0.00000e+00
5.58000e+03	1.77658e+00	0.00000e+00
5.59000e+03	1.77575e+00	0.00000e+00
5.60000e+03	1.77492e+00	0.00000e+00
5.61000e+03	1.77408e+00	0.00000e+00
5.62000e+03	1.77400e+00	0.00000e+00
5.63000e+03	1.77350e+00	0.00000e+00
5.64000e+03	1.77267e+00	0.00000e+00
5.65000e+03	1.77183e+00	0.00000e+00
5.66000e+03	1.77100e+00	0.00000e+00
5.67000e+03	1.77100e+00	0.00000e+00
5.68000e+03	1.77042e+00	0.00000e+00
5.69000e+03	1.76961e+00	0.00000e+00
5.70000e+03	1.76883e+00	0.00000e+00
5.71000e+03	1.76800e+00	0.00000e+00
5.72000e+03	1.76800e+00	0.00000e+00
5.73000e+03	1.76746e+00	0.00000e+00
5.74000e+03	1.76667e+00	0.00000e+00
5.75000e+03	1.76585e+00	0.00000e+00
5.76000e+03	1.76508e+00	0.00000e+00
5.77000e+03	1.76431e+00	0.00000e+00
5.78000e+03	1.76400e+00	0.00000e+00
5.79000e+03	1.76377e+00	0.00000e+00
5.80000e+03	1.76300e+00	0.00000e+00
5.81000e+03	1.76223e+00	0.00000e+00
5.82000e+03	1.76146e+00	0.00000e+00
5.83000e+03	1.76069e+00	0.00000e+00
5.84000e+03	1.75992e+00	0.00000e+00
5.85000e+03	1.75915e+00	0.00000e+00
5.86000e+03	1.75838e+00	0.00000e+00
5.87000e+03	1.75800e+00	0.00000e+00
5.88000e+03	1.75792e+00	0.00000e+00
5.89000e+03	1.75715e+00	0.00000e+00
5.90000e+03	1.75638e+00	0.00000e+00
5.91000e+03	1.75564e+00	0.00000e+00
5.92000e+03	1.75492e+00	0.00000e+00
5.93000e+03	1.75415e+00	0.00000e+00
5.94000e+03	1.75343e+00	0.00000e+00
5.95000e+03	1.75271e+00	0.00000e+00
5.96000e+03	1.75200e+00	0.00000e+00
5.97000e+03	1.75123e+00	0.00000e+00
5.98000e+03	1.75050e+00	0.00000e+00
5.99000e+03	1.74979e+00	0.00000e+00
6.00000e+03	1.74907e+00	0.00000e+00
6.01000e+03	1.74836e+00	0.00000e+00
6.02000e+03	1.74764e+00	0.00000e+00
6.03000e+03	1.74693e+00	0.00000e+00
6.04000e+03	1.74621e+00	0.00000e+00
6.05000e+03	1.74550e+00	0.00000e+00
6.06000e+03	1.74479e+00	0.00000e+00
6.07000e+03	1.74407e+00	0.00000e+00
6.08000e+03	1.74340e+00	0.00000e+00
6.09000e+03	1.74271e+00	0.00000e+00
6.10000e+03	1.74200e+00	0.00000e+00
6.11000e+03	1.74129e+00	0.00000e+00
6.12000e+03	1.74060e+00	0.00000e+00
6.13000e+03	1.73993e+00	0.00000e+00
6.14000e+03	1.73921e+00	0.00000e+00
6.15000e+03	1.73807e+00	0.00000e+00
6.16000e+03	1.73687e+00	0.00000e+00
6.17000e+03	1.73620e+00	0.00000e+00
6.18000e+03	1.73550e+00	0.00000e+00
6.19000e+03	1.73480e+00	0.00000e+00
6.20000e+03	1.73413e+00	0.00000e+00
6.21000e+03	1.73347e+00	0.00000e+00
6.22000e+03	1.73280e+00	0.00000e+00
6.23000e+03	1.73213e+00	0.00000e+00
6.24000e+03	1.73093e+00	0.00000e+00
6.25000e+03	1.72980e+00	0.00000e+00
6.26000e+03	1.72913e+00	0.00000e+00
6.27000e+03	1.72847e+00	0.00000e+00
6.28000e+03	1.72780e+00	0.00000e+00
6.29000e+03	1.72713e+00	0.00000e+00
6.30000e+03	1.72600e+00	0.00000e+00
6.31000e+03	1.72487e+00	0.00000e+00
6.32000e+03	1.72420e+00	0.00000e+00
6.33000e+03	1.72356e+00	0.00000e+00
6.34000e+03	1.72293e+00	0.00000e+00
6.35000e+03	1.72227e+00	0.00000e+00
6.36000e+03	1.72125e+00	0.00000e+00
6.37000e+03	1.72000e+00	0.00000e+00
6.38000e+03	1.71933e+00	0.00000e+00
6.39000e+03	1.71837e+00	0.00000e+00
6.40000e+03	1.71712e+00	0.00000e+00
6.41000e+03	1.71644e+00	0.00000e+00
6.42000e+03	1.71581e+00	0.00000e+00
6.43000e+03	1.71519e+00	0.00000e+00
6.44000e+03	1.71412e+00	0.00000e+00
6.45000e+03	1.71294e+00	0.00000e+00
6.46000e+03	1.71231e+00	0.00000e+00
6.47000e+03	1.71137e+00	0.00000e+00
6.48000e+03	1.71012e+00	0.00000e+00
6.49000e+03	1.70944e+00	0.00000e+00
6.50000e+03	1.70865e+00	0.00000e+00
6.51000e+03	1.70747e+00	0.00000e+00
6.52000e+03	1.70662e+00	0.00000e+00
6.53000e+03	1.70600e+00	0.00000e+00
6.54000e+03	1.70482e+00	0.00000e+00
6.55000e+03	1.70381e+00	0.00000e+00
6.56000e+03	1.70319e+00	0.00000e+00
6.57000e+03	1.70218e+00	0.00000e+00
6.58000e+03	1.70100e+00	0.00000e+00
6.59000e+03	1.69982e+00	0.00000e+00
6.60000e+03	1.69881e+00	0.00000e+00
6.61000e+03	1.69819e+00	0.00000e+00
6.62000e+03	1.69718e+00	0.00000e+00
6.63000e+03	1.69600e+00	0.00000e+00
6.64000e+03	1.69482e+00	0.00000e+00
6.65000e+03	1.69365e+00	0.00000e+00
6.66000e+03	1.69247e+00	0.00000e+00
6.67000e+03	1.69167e+00	0.00000e+00
6.68000e+03	1.69111e+00	0.00000e+00
6.69000e+03	1.69006e+00	0.00000e+00
6.70000e+03	1.68888e+00	0.00000e+00
6.71000e+03	1.68770e+00	0.00000e+00
6.72000e+03	1.68655e+00	0.00000e+00
6.73000e+03	1.68544e+00	0.00000e+00
6.74000e+03	1.68429e+00	0.00000e+00
6.75000e+03	1.68312e+00	0.00000e+00
6.76000e+03	1.68200e+00	0.00000e+00
6.77000e+03	1.68089e+00	0.00000e+00
6.78000e+03	1.67978e+00	0.00000e+00
6.79000e+03	1.67865e+00	0.00000e+00
6.80000e+03	1.67747e+00	0.00000e+00
6.81000e+03	1.67633e+00	0.00000e+00
6.82000e+03	1.67522e+00	0.00000e+00
6.83000e+03	1.67411e+00	0.00000e+00
6.84000e+03	1.67300e+00	0.00000e+00
6.85000e+03	1.67189e+00	0.00000e+00
6.86000e+03	1.67079e+00	0.00000e+00
6.87000e+03	1.66974e+00	0.00000e+00
6.88000e+03	1.66867e+00	0.00000e+00
6.89000e+03	1.66755e+00	0.00000e+00
6.90000e+03	1.66644e+00	0.00000e+00
6.91000e+03	1.66533e+00	0.00000e+00
6.92000e+03	1.66389e+00	0.00000e+00
6.93000e+03	1.66232e+00	0.00000e+00
6.94000e+03	1.66111e+00	0.00000e+00
6.95000e+03	1.66000e+00	0.00000e+00
6.96000e+03	1.65895e+00	0.00000e+00
6.97000e+03	1.65784e+00	0.00000e+00
6.98000e+03	1.65626e+00	0.00000e+00
6.99000e+03	1.65479e+00	0.00000e+00
7.00000e+03	1.65374e+00	0.00000e+00
7.01000e+03	1.65253e+00	0.00000e+00
7.02000e+03	1.65095e+00	0.00000e+00
7.03000e+03	1.64958e+00	0.00000e+00
7.04000e+03	1.64853e+00	0.00000e+00
7.05000e+03	1.64721e+00	0.00000e+00
7.06000e+03	1.64563e+00	0.00000e+00
7.07000e+03	1.64405e+00	0.00000e+00
7.08000e+03	1.64247e+00	0.00000e+00
7.09000e+03	1.64130e+00	0.00000e+00
7.10000e+03	1.64030e+00	0.00000e+00
7.11000e+03	1.63889e+00	0.00000e+00
7.12000e+03	1.63732e+00	0.00000e+00
7.13000e+03	1.63580e+00	0.00000e+00
7.14000e+03	1.63430e+00	0.00000e+00
7.15000e+03	1.63280e+00	0.00000e+00
7.16000e+03	1.63130e+00	0.00000e+00
7.17000e+03	1.62974e+00	0.00000e+00
7.18000e+03	1.62816e+00	0.00000e+00
7.19000e+03	1.62665e+00	0.00000e+00
7.20000e+03	1.62515e+00	0.00000e+00
7.21000e+03	1.62365e+00	0.00000e+00
7.22000e+03	1.62215e+00	0.00000e+00
7.23000e+03	1.62071e+00	0.00000e+00
7.24000e+03	1.61929e+00	0.00000e+00
7.25000e+03	1.61740e+00	0.00000e+00
7.26000e+03	1.61540e+00	0.00000e+00
7.27000e+03	1.61380e+00	0.00000e+00
7.28000e+03	1.61230e+00	0.00000e+00
7.29000e+03	1.61047e+00	0.00000e+00
7.30000e+03	1.60857e+00	0.00000e+00
7.31000e+03	1.60695e+00	0.00000e+00
7.32000e+03	1.60545e+00	0.00000e+00
7.33000e+03	1.60367e+00	0.00000e+00
7.34000e+03	1.60176e+00	0.00000e+00
7.35000e+03	1.59986e+00	0.00000e+00
7.36000e+03	1.59795e+00	0.00000e+00
7.37000e+03	1.59605e+00	0.00000e+00
7.38000e+03	1.59414e+00	0.00000e+00
7.39000e+03	1.59224e+00	0.00000e+00
7.40000e+03	1.59033e+00	0.00000e+00
7.41000e+03	1.58843e+00	0.00000e+00
7.42000e+03	1.58652e+00	0.00000e+00
7.43000e+03	1.58464e+00	0.00000e+00
7.44000e+03	1.58282e+00	0.00000e+00
7.45000e+03	1.58100e+00	0.00000e+00
7.46000e+03	1.57862e+00	0.00000e+00
7.47000e+03	1.57624e+00	0.00000e+00
7.48000e+03	1.57395e+00	4.09033e-04
7.49000e+03	1.57168e+00	8.63608e-04
7.50000e+03	1.56933e+00	9.99999e-04
7.51000e+03	1.56695e+00	9.99999e-04
7.52000e+03	1.56464e+00	9.99999e-04
7.53000e+03	1.56236e+00	9.99999e-04
7.54000e+03	1.56009e+00	9.99999e-04
7.55000e+03	1.55782e+00	9.99999e-04
7.56000e+03	1.55545e+00	1.09083e-03
7.57000e+03	1.55273e+00	1.54521e-03
7.58000e+03	1.55000e+00	2.00000e-03
7.59000e+03	1.54782e+00	2.00000e-03
7.60000e+03	1.54565e+00	2.00000e-03
7.61000e+03	1.54277e+00	2.31782e-03
7.62000e+03	1.53959e+00	2.77243e-03
7.63000e+03	1.53664e+00	3.22709e-03
7.64000e+03	1.53391e+00	3.68159e-03
7.65000e+03	1.53122e+00	4.13033e-03
7.66000e+03	1.52861e+00	4.56498e-03
7.67000e+03	1.52600e+00	5.00000e-03
7.68000e+03	1.52296e+00	5.43437e-03
7.69000e+03	1.51991e+00	5.86938e-03
7.70000e+03	1.51656e+00	6.30384e-03
7.71000e+03	1.51309e+00	6.73867e-03
7.72000e+03	1.50978e+00	7.34734e-03
7.73000e+03	1.50674e+00	8.21658e-03
7.74000e+03	1.50365e+00	9.08675e-03
7.75000e+03	1.50017e+00	9.95531e-03
7.76000e+03	1.49670e+00	1.08257e-02
7.77000e+03	1.49322e+00	1.20418e-02
7.78000e+03	1.48974e+00	1.33466e-02
7.79000e+03	1.48633e+00	1.44159e-02
7.80000e+03	1.48300e+00	1.52489e-02
7.81000e+03	1.47961e+00	1.61734e-02
7.82000e+03	1.47569e+00	1.79098e-02
7.83000e+03	1.47178e+00	1.96511e-02
7.84000e+03	1.46833e+00	2.13312e-02
7.85000e+03	1.46500e+00	2.29982e-02
7.86000e+03	1.46150e+00	2.46649e-02
7.87000e+03	1.45775e+00	2.63302e-02
7.88000e+03	1.45400e+00	2.80000e-02
7.89000e+03	1.45025e+00	3.04953e-02
7.90000e+03	1.44650e+00	3.29973e-02
7.91000e+03	1.44275e+00	3.54963e-02
7.92000e+03	1.43900e+00	3.79956e-02
7.93000e+03	1.43525e+00	4.04985e-02
7.94000e+03	1.43150e+00	4.29950e-02
7.95000e+03	1.42775e+00	4.54985e-02
7.96000e+03	1.42411e+00	4.85544e-02
7.97000e+03	1.42052e+00	5.17548e-02
7.98000e+03	1.41700e+00	5.49977e-02
7.99000e+03	1.41366e+00	5.83281e-02
8.00000e+03	1.41033e+00	6.16658e-02
8.01000e+03	1.40711e+00	6.52348e-02
8.02000e+03	1.40391e+00	6.88359e-02
8.03000e+03	1.40087e+00	7.25976e-02
8.04000e+03	1.39807e+00	7.65956e-02
8.05000e+03	1.39528e+00	8.05993e-02
8.06000e+03	1.39247e+00	8.45959e-02
8.07000e+03	1.38967e+00	8.85967e-02
8.08000e+03	1.38703e+00	9.27585e-02
8.09000e+03	1.38463e+00	9.71572e-02
8.10000e+03	1.38224e+00	1.01560e-01
8.11000e+03	1.37991e+00	1.06151e-01
8.12000e+03	1.37760e+00	1.10767e-01
8.13000e+03	1.37551e+00	1.15441e-01
8.14000e+03	1.37390e+00	1.20242e-01
8.15000e+03	1.37232e+00	1.25040e-01
8.16000e+03	1.37106e+00	1.29696e-01
8.17000e+03	1.36991e+00	1.34311e-01
8.18000e+03	1.36884e+00	1.38925e-01
8.19000e+03	1.36806e+00	1.43545e-01
8.20000e+03	1.36730e+00	1.48157e-01
8.21000e+03	1.36676e+00	1.53007e-01
8.22000e+03	1.36637e+00	1.58009e-01
8.23000e+03	1.36600e+00	1.63000e-01
8.24000e+03	1.36599e+00	1.67240e-01
8.25000e+03	1.36599e+00	1.71469e-01
8.26000e+03	1.36629e+00	1.75786e-01
8.27000e+03	1.36703e+00	1.80238e-01
8.28000e+03	1.36777e+00	1.84673e-01
8.29000e+03	1.36853e+00	1.88973e-01
8.30000e+03	1.36930e+00	1.93205e-01
8.31000e+03	1.37015e+00	1.97373e-01
8.32000e+03	1.37163e+00	2.01090e-01
8.33000e+03	1.37311e+00	2.04789e-01
8.34000e+03	1.37459e+00	2.08341e-01
8.35000e+03	1.37607e+00	2.11681e-01
8.36000e+03	1.37755e+00	2.15006e-01
8.37000e+03	1.37904e+00	2.18084e-01
8.38000e+03	1.38052e+00	2.21049e-01
8.39000e+03	1.38200e+00	2.24000e-01
8.40000e+03	1.38423e+00	2.26605e-01
8.41000e+03	1.38645e+00	2.29195e-01
8.42000e+03	1.38854e+00	2.31539e-01
8.43000e+03	1.39033e+00	2.33330e-01
8.44000e+03	1.39211e+00	2.35112e-01
8.45000e+03	1.39393e+00	2.36931e-01
8.46000e+03	1.39578e+00	2.38786e-01
8.47000e+03	1.39763e+00	2.40632e-01
8.48000e+03	1.39972e+00	2.41861e-01
8.49000e+03	1.40186e+00	2.42933e-01
8.50000e+03	1.40400e+00	2.44000e-01
8.51000e+03	1.40579e+00	2.44358e-01
8.52000e+03	1.40758e+00	2.44715e-01
8.53000e+03	1.40929e+00	2.45072e-01
8.54000e+03	1.41072e+00	2.45430e-01
8.55000e+03	1.41215e+00	2.45787e-01
8.56000e+03	1.41357e+00	2.45856e-01
8.57000e+03	1.41500e+00	2.45498e-01
8.58000e+03	1.41643e+00	2.45142e-01
8.59000e+03	1.41741e+00	2.44585e-01
8.60000e+03	1.41810e+00	2.43894e-01
8.61000e+03	1.41879e+00	2.43206e-01
8.62000e+03	1.41948e+00	2.42516e-01
8.63000e+03	1.42017e+00	2.41825e-01
8.64000e+03	1.42086e+00	2.41137e-01
8.65000e+03	1.42129e+00	2.39854e-01
8.66000e+03	1.42164e+00	2.38425e-01
8.67000e+03	1.42200e+00	2.37000e-01
8.68000e+03	1.42166e+00	2.35664e-01
8.69000e+03	1.42133e+00	2.34331e-01
8.70000e+03	1.42100e+00	2.33000e-01
8.71000e+03	1.42031e+00	2.31619e-01
8.72000e+03	1.41962e+00	2.30240e-01
8.73000e+03	1.41886e+00	2.28828e-01
8.74000e+03	1.41748e+00	2.27103e-01
8.75000e+03	1.41610e+00	2.25379e-01
8.76000e+03	1.41467e+00	2.23733e-01
8.77000e+03	1.41300e+00	2.22400e-01
8.78000e+03	1.41133e+00	2.21067e-01
8.79000e+03	1.40953e+00	2.19667e-01
8.80000e+03	1.40720e+00	2.18001e-01
8.81000e+03	1.40486e+00	2.16335e-01
8.82000e+03	1.40247e+00	2.14734e-01
8.83000e+03	1.39980e+00	2.13401e-01
8.84000e+03	1.39713e+00	2.12068e-01
8.85000e+03	1.39440e+00	2.10734e-01
8.86000e+03	1.39140e+00	2.09402e-01
8.87000e+03	1.38840e+00	2.08068e-01
8.88000e+03	1.38529e+00	2.06807e-01
8.89000e+03	1.38174e+00	2.05840e-01
8.90000e+03	1.37819e+00	2.04872e-01
8.91000e+03	1.37458e+00	2.03904e-01
8.92000e+03	1.37039e+00	2.02938e-01
8.93000e+03	1.36620e+00	2.01970e-01
8.94000e+03	1.36200e+00	2.01000e-01
8.95000e+03	1.35734e+00	2.00666e-01
8.96000e+03	1.35267e+00	2.00333e-01
8.97000e+03	1.34800e+00	2.00000e-01
8.98000e+03	1.34332e+00	1.99997e-01
8.99000e+03	1.33863e+00	1.99997e-01
9.00000e+03	1.33394e+00	1.99999e-01
9.01000e+03	1.32862e+00	2.00253e-01
9.02000e+03	1.32314e+00	2.00575e-01
9.03000e+03	1.31765e+00	2.00901e-01
9.04000e+03	1.31229e+00	2.01432e-01
9.05000e+03	1.30698e+00	2.02054e-01
9.06000e+03	1.30166e+00	2.02683e-01
9.07000e+03	1.29594e+00	2.03796e-01
9.08000e+03	1.28982e+00	2.05401e-01
9.09000e+03	1.28369e+00	2.07020e-01
9.10000e+03	1.27763e+00	2.08617e-01
9.11000e+03	1.27170e+00	2.10169e-01
9.12000e+03	1.26576e+00	2.11736e-01
9.13000e+03	1.25979e+00	2.13478e-01
9.14000e+03	1.25374e+00	2.15882e-01
9.15000e+03	1.24767e+00	2.18307e-01
9.16000e+03	1.24161e+00	2.20754e-01
9.17000e+03	1.23538e+00	2.23784e-01
9.18000e+03	1.22913e+00	2.26903e-01
9.19000e+03	1.22288e+00	2.30050e-01
9.20000e+03	1.21655e+00	2.33305e-01
9.21000e+03	1.21019e+00	2.36624e-01
9.22000e+03	1.20382e+00	2.39975e-01
9.23000e+03	1.19745e+00	2.43675e-01
9.24000e+03	1.19108e+00	2.47889e-01
9.25000e+03	1.18472e+00	2.52141e-01
9.26000e+03	1.17839e+00	2.56479e-01
9.27000e+03	1.17232e+00	2.61285e-01
9.28000e+03	1.16626e+00	2.66132e-01
9.29000e+03	1.16021e+00	2.71018e-01
9.30000e+03	1.15413e+00	2.76560e-01
9.31000e+03	1.14806e+00	2.82302e-01
9.32000e+03	1.14201e+00	2.88089e-01
9.33000e+03	1.13604e+00	2.93909e-01
9.34000e+03	1.13014e+00	2.99760e-01
9.35000e+03	1.12426e+00	3.05656e-01
9.36000e+03	1.11843e+00	3.11669e-01
9.37000e+03	1.11280e+00	3.18384e-01
9.38000e+03	1.10721e+00	3.25145e-01
9.39000e+03	1.10166e+00	3.31950e-01
9.40000e+03	1.09624e+00	3.39107e-01
9.41000e+03	1.09092e+00	3.46439e-01
9.42000e+03	1.08565e+00	3.53813e-01
9.43000e+03	1.08060e+00	3.61214e-01
9.44000e+03	1.07597e+00	3.68613e-01
9.45000e+03	1.07141e+00	3.76043e-01
9.46000e+03	1.06690e+00	3.83504e-01
9.47000e+03	1.06239e+00	3.91794e-01
9.48000e+03	1.05795e+00	4.00313e-01
9.49000e+03	1.05358e+00	4.08860e-01
9.50000e+03	1.04958e+00	4.17537e-01
9.51000e+03	1.04608e+00	4.26387e-01
9.52000e+03	1.04266e+00	4.35246e-01
9.53000e+03	1.03933e+00	4.44113e-01
9.54000e+03	1.03607e+00	4.53227e-01
9.55000e+03	1.03290e+00	4.62371e-01
9.56000e+03	1.02981e+00	4.71514e-01
9.57000e+03	1.02695e+00	4.80674e-01
9.58000e+03	1.02437e+00	4.89852e-01
9.59000e+03	1.02188e+00	4.99019e-01
9.60000e+03	1.01947e+00	5.08171e-01
9.61000e+03	1.01753e+00	5.17804e-01
9.62000e+03	1.01578e+00	5.27533e-01
9.63000e+03	1.01411e+00	5.37231e-01
9.64000e+03	1.01263e+00	5.46853e-01
9.65000e+03	1.01144e+00	5.56338e-01
9.66000e+03	1.01033e+00	5.65783e-01
9.67000e+03	1.00930e+00	5.75187e-01
9.68000e+03	1.00874e+00	5.84679e-01
9.69000e+03	1.00842e+00	5.94174e-01
9.70000e+03	1.00818e+00	6.03615e-01
9.71000e+03	1.00800e+00	6.13000e-01
9.72000e+03	1.00791e+00	6.22803e-01
9.73000e+03	1.00789e+00	6.32544e-01
9.74000e+03	1.00794e+00	6.42223e-01
9.75000e+03	1.00829e+00	6.51830e-01
9.76000e+03	1.00905e+00	6.61357e-01
9.77000e+03	1.00986e+00	6.70812e-01
9.78000e+03	1.01073e+00	6.80198e-01
9.79000e+03	1.01190e+00	6.89510e-01
9.80000e+03	1.01323e+00	6.98747e-01
9.81000e+03	1.01459e+00	7.07910e-01
9.82000e+03	1.01600e+00	7.17000e-01
9.83000e+03	1.01785e+00	7.26296e-01
9.84000e+03	1.01973e+00	7.35512e-01
9.85000e+03	1.02164e+00	7.44650e-01
9.86000e+03	1.02362e+00	7.53644e-01
9.87000e+03	1.02570e+00	7.62409e-01
9.88000e+03	1.02780e+00	7.71100e-01
9.89000e+03	1.02993e+00	7.79718e-01
9.90000e+03	1.03244e+00	7.88408e-01
9.91000e+03	1.03532e+00	7.97163e-01
9.92000e+03	1.03822e+00	8.05839e-01
9.93000e+03	1.04113e+00	8.14436e-01
9.94000e+03	1.04402e+00	8.22976e-01
9.95000e+03	1.04691e+00	8.31449e-01
9.96000e+03	1.04980e+00	8.39847e-01
9.97000e+03	1.05271e+00	8.48172e-01
9.98000e+03	1.05608e+00	8.56438e-01
9.99000e+03	1.05950e+00	8.64632e-01
1.00000e+04	1.06292e+00	8.72753e-01
1.00100e+04	1.06639e+00	8.80782e-01
1.00200e+04	1.07025e+00	8.88567e-01
1.00300e+04	1.07410e+00	8.96283e-01
1.00400e+04	1.07794e+00	9.03930e-01
1.00500e+04	1.08177e+00	9.11511e-01
1.00600e+04	1.08563e+00	9.19027e-01
1.00700e+04	1.08948e+00	9.26478e-01
1.00800e+04	1.09332e+00	9.33866e-01
1.00900e+04	1.09721e+00	9.41132e-01
1.01000e+04	1.10123e+00	9.48202e-01
1.01100e+04	1.10523e+00	9.55213e-01
1.01200e+04	1.10922e+00	9.62166e-01
1.01300e+04	1.11332e+00	9.69108e-01
1.01400e+04	1.11770e+00	9.76097e-01
1.01500e+04	1.12206e+00	9.83028e-01
1.01600e+04	1.12641e+00	9.89902e-01
1.01700e+04	1.13077e+00	9.96573e-01
1.01800e+04	1.13519e+00	1.00297e+00
1.01900e+04	1.13958e+00	1.00932e+00
1.02000e+04	1.14395e+00	1.01562e+00
1.02100e+04	1.14844e+00	1.02198e+00
1.02200e+04	1.15322e+00	1.02854e+00
1.02300e+04	1.15798e+00	1.03505e+00
1.02400e+04	1.16271e+00	1.04151e+00
1.02500e+04	1.16741e+00	1.04778e+00
1.02600e+04	1.17207e+00	1.05369e+00
1.02700e+04	1.17671e+00	1.05955e+00
1.02800e+04	1.18133e+00	1.06537e+00
1.02900e+04	1.18601e+00	1.07122e+00
1.03000e+04	1.19105e+00	1.07727e+00
1.03100e+04	1.19606e+00	1.08329e+00
1.03200e+04	1.20104e+00	1.08926e+00
1.03300e+04	1.20596e+00	1.09511e+00
1.03400e+04	1.21076e+00	1.10064e+00
1.03500e+04	1.21554e+00	1.10613e+00
1.03600e+04	1.22028e+00	1.11158e+00
1.03700e+04	1.22500e+00	1.11700e+00
1.03800e+04	1.22992e+00	1.12242e+00
1.03900e+04	1.23482e+00	1.12781e+00
1.04000e+04	1.23968e+00	1.13316e+00
1.04100e+04	1.24452e+00	1.13847e+00
1.04200e+04	1.24933e+00	1.14355e+00
1.04300e+04	1.25411e+00	1.14857e+00
1.04400e+04	1.25886e+00	1.15356e+00
1.04500e+04	1.26359e+00	1.15852e+00
1.04600e+04	1.26845e+00	1.16346e+00
1.04700e+04	1.27336e+00	1.16837e+00
1.04800e+04	1.27825e+00	1.17325e+00
1.04900e+04	1.28310e+00	1.17810e+00
1.05000e+04	1.28802e+00	1.18293e+00
1.05100e+04	1.29306e+00	1.18772e+00
1.05200e+04	1.29806e+00	1.19249e+00
1.05300e+04	1.30304e+00	1.19723e+00
1.05400e+04	1.30799e+00	1.20194e+00
1.05500e+04	1.31291e+00	1.20663e+00
1.05600e+04	1.31781e+00	1.21129e+00
1.05700e+04	1.32268e+00	1.21593e+00
1.05800e+04	1.32752e+00	1.22054e+00
1.05900e+04	1.33234e+00	1.22513e+00
1.06000e+04	1.33713e+00	1.22970e+00
1.06100e+04	1.34190e+00	1.23424e+00
1.06200e+04	1.34664e+00	1.23875e+00
1.06300e+04	1.35153e+00	1.24330e+00
1.06400e+04	1.35656e+00	1.24787e+00
1.06500e+04	1.36157e+00	1.25242e+00
1.06600e+04	1.36654e+00	1.25695e+00
1.06700e+04	1.37148e+00	1.26144e+00
1.06800e+04	1.37630e+00	1.26579e+00
1.06900e+04	1.38108e+00	1.27012e+00
1.07000e+04	1.38585e+00	1.27443e+00
1.07100e+04	1.39058e+00	1.27872e+00
1.07200e+04	1.39554e+00	1.28321e+00
1.07300e+04	1.40056e+00	1.28778e+00
1.07400e+04	1.40556e+00	1.29233e+00
1.07500e+04	1.41053e+00	1.29685e+00
1.07600e+04	1.41548e+00	1.30135e+00
1.07700e+04	1.42041e+00	1.30583e+00
1.07800e+04	1.42531e+00	1.31028e+00
1.07900e+04	1.43018e+00	1.31471e+00
1.08000e+04	1.43503e+00	1.31912e+00
1.08100e+04	1.44013e+00	1.32359e+00
1.08200e+04	1.44527e+00	1.32806e+00
1.08300e+04	1.45038e+00	1.33250e+00
1.08400e+04	1.45546e+00	1.33692e+00
1.08500e+04	1.46052e+00	1.34139e+00
1.08600e+04	1.46556e+00	1.34599e+00
1.08700e+04	1.47057e+00	1.35056e+00
1.08800e+04	1.47556e+00	1.35512e+00
1.08900e+04	1.48052e+00	1.35965e+00
1.09000e+04	1.48569e+00	1.36407e+00
1.09100e+04	1.49094e+00	1.36844e+00
1.09200e+04	1.49616e+00	1.37279e+00
1.09300e+04	1.50135e+00	1.37712e+00
1.09400e+04	1.50655e+00	1.38148e+00
1.09500e+04	1.51204e+00	1.38631e+00
1.09600e+04	1.51749e+00	1.39111e+00
1.09700e+04	1.52292e+00	1.39588e+00
1.09800e+04	1.52831e+00	1.40063e+00
1.09900e+04	1.53380e+00	1.40537e+00
1.10000e+04	1.53937e+00	1.41008e+00
1.10100e+04	1.54491e+00	1.41477e+00
1.10200e+04	1.55042e+00	1.41943e+00
1.10300e+04	1.55591e+00	1.42407e+00
1.10400e+04	1.56182e+00	1.42878e+00
1.10500e+04	1.56781e+00	1.43349e+00
1.10600e+04	1.57377e+00	1.43817e+00
1.10700e+04	1.57969e+00	1.44283e+00
1.10800e+04	1.58563e+00	1.44750e+00
1.10900e+04	1.59186e+00	1.45243e+00
1.11000e+04	1.59805e+00	1.45734e+00
1.11100e+04	1.60421e+00	1.46223e+00
1.11200e+04	1.61034e+00	1.46709e+00
1.11300e+04	1.61670e+00	1.47185e+00
1.11400e+04	1.62343e+00	1.47647e+00
1.11500e+04	1.63011e+00	1.48106e+00
1.11600e+04	1.63676e+00	1.48563e+00
1.11700e+04	1.64337e+00	1.49019e+00
1.11800e+04	1.65009e+00	1.49485e+00
1.11900e+04	1.65688e+00	1.49957e+00
1.12000e+04	1.66363e+00	1.50427e+00
1.12100e+04	1.67033e+00	1.50895e+00
1.12200e+04	1.67701e+00	1.51361e+00
1.12300e+04	1.68421e+00	1.51817e+00
1.12400e+04	1.69161e+00	1.52269e+00
1.12500e+04	1.69897e+00	1.52718e+00
1.12600e+04	1.70628e+00	1.53166e+00
1.12700e+04	1.71355e+00	1.53611e+00
1.12800e+04	1.72145e+00	1.54062e+00
1.12900e+04	1.72946e+00	1.54513e+00
1.13000e+04	1.73743e+00	1.54963e+00
1.13100e+04	1.74535e+00	1.55410e+00
1.13200e+04	1.75322e+00	1.55856e+00
1.13300e+04	1.76162e+00	1.56289e+00
1.13400e+04	1.77004e+00	1.56719e+00
1.13500e+04	1.77841e+00	1.57147e+00
1.13600e+04	1.78673e+00	1.57575e+00
1.13700e+04	1.79500e+00	1.58000e+00
1.13800e+04	1.80373e+00	1.58375e+00
1.13900e+04	1.81242e+00	1.58748e+00
1.14000e+04	1.82104e+00	1.59121e+00
1.14100e+04	1.82962e+00	1.59492e+00
1.14200e+04	1.83815e+00	1.59863e+00
1.14300e+04	1.84738e+00	1.60225e+00
1.14400e+04	1.85664e+00	1.60586e+00
1.14500e+04	1.86585e+00	1.60946e+00
1.14600e+04	1.87500e+00	1.61306e+00
1.14700e+04	1.88409e+00	1.61664e+00
1.14800e+04	1.89393e+00	1.61965e+00
1.14900e+04	1.90381e+00	1.62259e+00
1.15000e+04	1.91362e+00	1.62553e+00
1.15100e+04	1.92337e+00	1.62847e+00
1.15200e+04	1.93307e+00	1.63141e+00
1.15300e+04	1.94326e+00	1.63403e+00
1.15400e+04	1.95353e+00	1.63657e+00
1.15500e+04	1.96374e+00	1.63912e+00
1.15600e+04	1.97389e+00	1.64168e+00
1.15700e+04	1.98398e+00	1.64423e+00
1.15800e+04	1.99436e+00	1.64633e+00
1.15900e+04	2.00483e+00	1.64824e+00
1.16000e+04	2.01524e+00	1.65016e+00
1.16100e+04	2.02558e+00	1.65209e+00
1.16200e+04	2.03588e+00	1.65403e+00
1.16300e+04	2.04635e+00	1.65564e+00
1.16400e+04	2.05701e+00	1.65694e+00
1.16500e+04	2.06761e+00	1.65825e+00
1.16600e+04	2.07816e+00	1.65957e+00
1.16700e+04	2.08865e+00	1.66092e+00
1.16800e+04	2.09922e+00	1.66206e+00
1.16900e+04	2.11027e+00	1.66239e+00
1.17000e+04	2.12126e+00	1.66275e+00
1.17100e+04	2.13221e+00	1.66313e+00
1.17200e+04	2.14309e+00	1.66353e+00
1.17300e+04	2.15392e+00	1.66396e+00
1.17400e+04	2.16513e+00	1.66377e+00
1.17500e+04	2.17633e+00	1.66355e+00
1.17600e+04	2.18747e+00	1.66335e+00
1.17700e+04	2.19856e+00	1.66319e+00
1.17800e+04	2.20960e+00	1.66305e+00
1.17900e+04	2.22085e+00	1.66239e+00
1.18000e+04	2.23223e+00	1.66141e+00
1.18100e+04	2.24356e+00	1.66047e+00
1.18200e+04	2.25483e+00	1.65956e+00
1.18300e+04	2.26606e+00	1.65868e+00
1.18400e+04	2.27725e+00	1.65761e+00
1.18500e+04	2.28845e+00	1.65568e+00
1.18600e+04	2.29960e+00	1.65379e+00
1.18700e+04	2.31071e+00	1.65194e+00
1.18800e+04	2.32178e+00	1.65012e+00
1.18900e+04	2.33280e+00	1.64835e+00
1.19000e+04	2.34395e+00	1.64588e+00
1.19100e+04	2.35510e+00	1.64327e+00
1.19200e+04	2.36621e+00	1.64071e+00
1.19300e+04	2.37728e+00	1.63819e+00
1.19400e+04	2.38830e+00	1.63571e+00
1.19500e+04	2.39930e+00	1.63293e+00
1.19600e+04	2.41028e+00	1.62938e+00
1.19700e+04	2.42122e+00	1.62588e+00
1.19800e+04	2.43212e+00	1.62243e+00
1.19900e+04	2.44300e+00	1.61902e+00
1.20000e+04	2.45384e+00	1.61567e+00
1.20100e+04	2.46448e+00	1.61148e+00
1.20200e+04	2.47506e+00	1.60711e+00
1.20300e+04	2.48561e+00	1.60280e+00
1.20400e+04	2.49613e+00	1.59854e+00
1.20500e+04	2.50662e+00	1.59433e+00
1.20600e+04	2.51708e+00	1.58997e+00
1.20700e+04	2.52749e+00	1.58486e+00
1.20800e+04	2.53787e+00	1.57980e+00
1.20900e+04	2.54823e+00	1.57480e+00
1.21000e+04	2.55857e+00	1.56985e+00
1.21100e+04	2.56888e+00	1.56495e+00
1.21200e+04	2.57881e+00	1.55955e+00
1.21300e+04	2.58849e+00	1.55385e+00
1.21400e+04	2.59815e+00	1.54820e+00
1.21500e+04	2.60779e+00	1.54260e+00
1.21600e+04	2.61742e+00	1.53705e+00
1.21700e+04	2.62704e+00	1.53155e+00
1.21800e+04	2.63624e+00	1.52530e+00
1.21900e+04	2.64540e+00	1.51902e+00
1.22000e+04	2.65454e+00	1.51279e+00
1.22100e+04	2.66367e+00	1.50661e+00
1.22200e+04	2.67280e+00	1.50048e+00
1.22300e+04	2.68186e+00	1.49430e+00
1.22400e+04	2.69049e+00	1.48729e+00
1.22500e+04	2.69912e+00	1.48033e+00
1.22600e+04	2.70774e+00	1.47341e+00
1.22700e+04	2.71636e+00	1.46655e+00
1.22800e+04	2.72497e+00	1.45974e+00
1.22900e+04	2.73343e+00	1.45274e+00
1.23000e+04	2.74153e+00	1.44522e+00
1.23100e+04	2.74963e+00	1.43776e+00
1.23200e+04	2.75773e+00	1.43034e+00
1.23300e+04	2.76584e+00	1.42297e+00
1.23400e+04	2.77395e+00	1.41564e+00
1.23500e+04	2.78163e+00	1.40796e+00
1.23600e+04	2.78891e+00	1.39990e+00
1.23700e+04	2.79619e+00	1.39189e+00
1.23800e+04	2.80348e+00	1.38393e+00
1.23900e+04	2.81077e+00	1.37601e+00
1.24000e+04	2.81808e+00	1.36814e+00
1.24100e+04	2.82498e+00	1.36003e+00
1.24200e+04	2.83163e+00	1.35179e+00
1.24300e+04	2.83829e+00	1.34358e+00
1.24400e+04	2.84496e+00	1.33542e+00
1.24500e+04	2.85163e+00	1.32730e+00
1.24600e+04	2.85832e+00	1.31922e+00
1.24700e+04	2.86448e+00	1.31084e+00
1.24800e+04	2.87028e+00	1.30227e+00
1.24900e+04	2.87610e+00	1.29374e+00
1.25000e+04	2.88194e+00	1.28524e+00
1.25100e+04	2.88779e+00	1.27678e+00
1.25200e+04	2.89365e+00	1.26836e+00
1.25300e+04	2.89902e+00	1.25973e+00
1.25400e+04	2.90407e+00	1.25098e+00
1.25500e+04	2.90913e+00	1.24226e+00
1.25600e+04	2.91422e+00	1.23357e+00
1.25700e+04	2.91932e+00	1.22492e+00
1.25800e+04	2.92444e+00	1.21630e+00
1.25900e+04	2.92910e+00	1.20753e+00
1.26000e+04	2.93332e+00	1.19862e+00
1.26100e+04	2.93757e+00	1.18974e+00
1.26200e+04	2.94183e+00	1.18088e+00
1.26300e+04	2.94611e+00	1.17206e+00
1.26400e+04	2.95041e+00	1.16326e+00
1.26500e+04	2.95439e+00	1.15442e+00
1.26600e+04	2.95790e+00	1.14550e+00
1.26700e+04	2.96142e+00	1.13660e+00
1.26800e+04	2.96496e+00	1.12772e+00
1.26900e+04	2.96853e+00	1.11887e+00
1.27000e+04	2.97212e+00	1.11004e+00
1.27100e+04	2.97556e+00	1.10124e+00
1.27200e+04	2.97836e+00	1.09246e+00
1.27300e+04	2.98119e+00	1.08370e+00
1.27400e+04	2.98404e+00	1.07496e+00
1.27500e+04	2.98691e+00	1.06624e+00
1.27600e+04	2.98980e+00	1.05754e+00
1.27700e+04	2.99271e+00	1.04887e+00
1.27800e+04	2.99480e+00	1.04010e+00
1.27900e+04	2.99683e+00	1.03134e+00
1.28000e+04	2.99888e+00	1.02260e+00
1.28100e+04	3.00095e+00	1.01387e+00
1.28200e+04	3.00304e+00	1.00516e+00
1.28300e+04	3.00515e+00	9.96472e-01
1.28400e+04	3.00690e+00	9.87913e-01
1.28500e+04	3.00842e+00	9.79445e-01
1.28600e+04	3.00996e+00	9.70991e-01
1.28700e+04	3.01152e+00	9.62552e-01
1.28800e+04	3.01310e+00	9.54128e-01
1.28900e+04	3.01470e+00	9.45717e-01
1.29000e+04	3.01614e+00	9.37337e-01
1.29100e+04	3.01687e+00	9.29030e-01
1.29200e+04	3.01762e+00	9.20733e-01
1.29300e+04	3.01839e+00	9.12446e-01
1.29400e+04	3.01919e+00	9.04170e-01
1.29500e+04	3.02000e+00	8.95904e-01
1.29600e+04	3.02083e+00	8.87650e-01
1.29700e+04	3.02120e+00	8.79581e-01
1.29800e+04	3.02147e+00	8.71565e-01
1.29900e+04	3.02176e+00	8.63557e-01
1.30000e+04	3.02207e+00	8.55558e-01
1.30100e+04	3.02240e+00	8.47566e-01
1.30200e+04	3.02275e+00	8.39583e-01
1.30300e+04	3.02289e+00	8.31722e-01
1.30400e+04	3.02254e+00	8.24133e-01
1.30500e+04	3.02222e+00	8.16549e-01
1.30600e+04	3.02190e+00	8.08970e-01
1.30700e+04	3.02161e+00	8.01397e-01
1.30800e+04	3.02133e+00	7.93829e-01
1.30900e+04	3.02107e+00	7.86267e-01
1.31000e+04	3.02055e+00	7.78872e-01
1.31100e+04	3.01991e+00	7.71549e-01
1.31200e+04	3.01930e+00	7.64231e-01
1.31300e+04	3.01870e+00	7.56917e-01
1.31400e+04	3.01812e+00	7.49607e-01
1.31500e+04	3.01755e+00	7.42301e-01
1.31600e+04	3.01700e+00	7.35000e-01
1.31700e+04	3.01591e+00	7.28127e-01
1.31800e+04	3.01484e+00	7.21257e-01
1.31900e+04	3.01378e+00	7.14389e-01
1.32000e+04	3.01274e+00	7.07524e-01
1.32100e+04	3.01171e+00	7.00661e-01
1.32200e+04	3.01070e+00	6.93801e-01
1.32300e+04	3.00955e+00	6.87058e-01
1.32400e+04	3.00804e+00	6.80585e-01
1.32500e+04	3.00655e+00	6.74113e-01
1.32600e+04	3.00507e+00	6.67642e-01
1.32700e+04	3.00360e+00	6.61171e-01
1.32800e+04	3.00215e+00	6.54702e-01
1.32900e+04	3.00071e+00	6.48234e-01
1.33000e+04	2.99910e+00	6.41985e-01
1.33100e+04	2.99731e+00	6.35956e-01
1.33200e+04	2.99552e+00	6.29926e-01
1.33300e+04	2.99375e+00	6.23897e-01
1.33400e+04	2.99200e+00	6.17867e-01
1.33500e+04	2.99025e+00	6.11838e-01
1.33600e+04	2.98852e+00	6.05809e-01
1.33700e+04	2.98666e+00	6.00044e-01
1.33800e+04	2.98475e+00	5.94392e-01
1.33900e+04	2.98285e+00	5.88741e-01
1.34000e+04	2.98097e+00	5.83088e-01
1.34100e+04	2.97909e+00	5.77436e-01
1.34200e+04	2.97722e+00	5.71783e-01
1.34300e+04	2.97537e+00	5.66131e-01
1.34400e+04	2.97326e+00	5.60774e-01
1.34500e+04	2.97110e+00	5.55490e-01
1.34600e+04	2.96894e+00	5.50206e-01
1.34700e+04	2.96680e+00	5.44920e-01
1.34800e+04	2.96466e+00	5.39633e-01
1.34900e+04	2.96254e+00	5.34346e-01
1.35000e+04	2.96042e+00	5.29058e-01
1.35100e+04	2.95818e+00	5.24172e-01
1.35200e+04	2.95591e+00	5.19385e-01
1.35300e+04	2.95364e+00	5.14598e-01
1.35400e+04	2.95139e+00	5.09809e-01
1.35500e+04	2.94914e+00	5.05020e-01
1.35600e+04	2.94690e+00	5.00229e-01
1.35700e+04	2.94467e+00	4.95438e-01
1.35800e+04	2.94233e+00	4.90892e-01
1.35900e+04	2.93995e+00	4.86450e-01
1.36000e+04	2.93758e+00	4.82007e-01
1.36100e+04	2.93522e+00	4.77563e-01
1.36200e+04	2.93286e+00	4.73118e-01
1.36300e+04	2.93051e+00	4.68672e-01
1.36400e+04	2.92817e+00	4.64224e-01
1.36500e+04	2.92581e+00	4.59919e-01
1.36600e+04	2.92343e+00	4.55755e-01
1.36700e+04	2.92106e+00	4.51590e-01
1.36800e+04	2.91869e+00	4.47424e-01
1.36900e+04	2.91634e+00	4.43257e-01
1.37000e+04	2.91398e+00	4.39088e-01
1.37100e+04	2.91164e+00	4.34919e-01
1.37200e+04	2.90925e+00	4.30892e-01
1.37300e+04	2.90677e+00	4.27196e-01
1.37400e+04	2.90430e+00	4.23500e-01
1.37500e+04	2.90183e+00	4.19802e-01
1.37600e+04	2.89936e+00	4.16103e-01
1.37700e+04	2.89690e+00	4.12403e-01
1.37800e+04	2.89445e+00	4.08702e-01
1.37900e+04	2.89200e+00	4.05000e-01
1.38000e+04	2.88952e+00	4.01442e-01
1.38100e+04	2.88704e+00	3.97883e-01
1.38200e+04	2.88457e+00	3.94322e-01
1.38300e+04	2.88210e+00	3.90761e-01
1.38400e+04	2.87964e+00	3.87198e-01
1.38500e+04	2.87719e+00	3.83635e-01
1.38600e+04	2.87473e+00	3.80070e-01
1.38700e+04	2.87231e+00	3.76855e-01
1.38800e+04	2.86990e+00	3.73791e-01
1.38900e+04	2.86749e+00	3.70725e-01
1.39000e+04	2.86509e+00	3.67659e-01
1.39100e+04	2.86269e+00	3.64592e-01
1.39200e+04	2.86030e+00	3.61524e-01
1.39300e+04	2.85791e+00	3.58455e-01
1.39400e+04	2.85552e+00	3.55414e-01
1.39500e+04	2.85311e+00	3.52483e-01
1.39600e+04	2.85070e+00	3.49551e-01
1.39700e+04	2.84829e+00	3.46619e-01
1.39800e+04	2.84589e+00	3.43686e-01
1.39900e+04	2.84350e+00	3.40751e-01
1.40000e+04	2.84110e+00	3.37817e-01
1.40100e+04	2.83872e+00	3.34881e-01
1.40200e+04	2.83633e+00	3.32068e-01
1.40300e+04	2.83396e+00	3.29306e-01
1.40400e+04	2.83158e+00	3.26544e-01
1.40500e+04	2.82921e+00	3.23781e-01
1.40600e+04	2.82684e+00	3.21018e-01
1.40700e+04	2.82448e+00	3.18254e-01
1.40800e+04	2.82212e+00	3.15489e-01
1.40900e+04	2.81978e+00	3.12753e-01
1.41000e+04	2.81756e+00	3.10287e-01
1.41100e+04	2.81535e+00	3.07820e-01
1.41200e+04	2.81313e+00	3.05353e-01
1.41300e+04	2.81092e+00	3.02886e-01
1.41400e+04	2.80872e+00	3.00418e-01
1.41500e+04	2.80652e+00	2.97950e-01
1.41600e+04	2.80432e+00	2.95481e-01
1.41700e+04	2.80207e+00	2.93129e-01
1.41800e+04	2.79976e+00	2.90951e-01
1.41900e+04	2.79744e+00	2.88772e-01
1.42000e+04	2.79513e+00	2.86593e-01
1.42100e+04	2.79283e+00	2.84414e-01
1.42200e+04	2.79052e+00	2.82234e-01
1.42300e+04	2.78822e+00	2.80053e-01
1.42400e+04	2.78592e+00	2.77872e-01
1.42500e+04	2.78378e+00	2.75709e-01
1.42600e+04	2.78175e+00	2.73558e-01
1.42700e+04	2.77972e+00	2.71406e-01
1.42800e+04	2.77769e+00	2.69254e-01
1.42900e+04	2.77566e+00	2.67102e-01
1.43000e+04	2.77364e+00	2.64950e-01
1.43100e+04	2.77162e+00	2.62798e-01
1.43200e+04	2.76960e+00	2.60646e-01
1.43300e+04	2.76751e+00	2.58688e-01
1.43400e+04	2.76537e+00	2.56814e-01
1.43500e+04	2.76325e+00	2.54939e-01
1.43600e+04	2.76112e+00	2.53064e-01
1.43700e+04	2.75899e+00	2.51189e-01
1.43800e+04	2.75687e+00	2.49314e-01
1.43900e+04	2.75475e+00	2.47438e-01
1.44000e+04	2.75263e+00	2.45563e-01
1.44100e+04	2.75059e+00	2.43688e-01
1.44200e+04	2.74859e+00	2.41813e-01
1.44300e+04	2.74658e+00	2.39938e-01
1.44400e+04	2.74458e+00	2.38063e-01
1.44500e+04	2.74258e+00	2.36188e-01
1.44600e+04	2.74058e+00	2.34313e-01
1.44700e+04	2.73859e+00	2.32438e-01
1.44800e+04	2.73660e+00	2.30563e-01
1.44900e+04	2.73461e+00	2.28877e-01
1.45000e+04	2.73263e+00	2.27272e-01
1.45100e+04	2.73065e+00	2.25667e-01
1.45200e+04	2.72867e+00	2.24062e-01
1.45300e+04	2.72670e+00	2.22457e-01
1.45400e+04	2.72473e+00	2.20852e-01
1.45500e+04	2.72276e+00	2.19247e-01
1.45600e+04	2.72079e+00	2.17642e-01
1.45700e+04	2.71891e+00	2.16060e-01
1.45800e+04	2.71710e+00	2.14493e-01
1.45900e+04	2.71529e+00	2.12927e-01
1.46000e+04	2.71348e+00	2.11361e-01
1.46100e+04	2.71167e+00	2.09794e-01
1.46200e+04	2.70986e+00	2.08228e-01
1.46300e+04	2.70806e+00	2.06662e-01
1.46400e+04	2.70626e+00	2.05096e-01
1.46500e+04	2.70446e+00	2.03566e-01
1.46600e+04	2.70264e+00	2.02120e-01
1.46700e+04	2.70083e+00	2.00674e-01
1.46800e+04	2.69902e+00	1.99228e-01
1.46900e+04	2.69721e+00	1.97783e-01
1.47000e+04	2.69541e+00	1.96337e-01
1.47100e+04	2.69360e+00	1.94891e-01
1.47200e+04	2.69180e+00	1.93446e-01
1.47300e+04	2.69000e+00	1.92000e-01
1.47400e+04	2.68821e+00	1.90571e-01
1.47500e+04	2.68642e+00	1.89142e-01
1.47600e+04	2.68463e+00	1.87714e-01
1.47700e+04	2.68284e+00	1.86285e-01
1.47800e+04	2.68106e+00	1.84857e-01
1.47900e+04	2.67927e+00	1.83428e-01
1.48000e+04	2.67749e+00	1.82000e-01
1.48100e+04	2.67571e+00	1.80571e-01
1.48200e+04	2.67401e+00	1.79223e-01
1.48300e+04	2.67236e+00	1.77928e-01
1.48400e+04	2.67070e+00	1.76634e-01
1.48500e+04	2.66906e+00	1.75340e-01
1.48600e+04	2.66741e+00	1.74045e-01
1.48700e+04	2.66576e+00	1.72752e-01
1.48800e+04	2.66412e+00	1.71458e-01
1.48900e+04	2.66248e+00	1.70164e-01
1.49000e+04	2.66084e+00	1.68884e-01
1.49100e+04	2.65920e+00	1.67720e-01
1.49200e+04	2.65757e+00	1.66557e-01
1.49300e+04	2.65594e+00	1.65394e-01
1.49400e+04	2.65431e+00	1.64231e-01
1.49500e+04	2.65268e+00	1.63068e-01
1.49600e+04	2.65106e+00	1.61906e-01
1.49700e+04	2.64943e+00	1.60743e-01
1.49800e+04	2.64781e+00	1.59581e-01
1.49900e+04	2.64619e+00	1.58425e-01
1.50000e+04	2.64458e+00	1.57275e-01
1.50100e+04	2.64296e+00	1.56125e-01
1.50200e+04	2.64135e+00	1.54976e-01
1.50300e+04	2.63974e+00	1.53826e-01
1.50400e+04	2.63814e+00	1.52677e-01
1.50500e+04	2.63653e+00	1.51528e-01
1.50600e+04	2.63492e+00	1.50379e-01
1.50700e+04	2.63332e+00	1.49230e-01
1.50800e+04	2.63174e+00	1.48190e-01
1.50900e+04	2.63016e+00	1.47179e-01
1.51000e+04	2.62858e+00	1.46167e-01
1.51100e+04	2.62701e+00	1.45156e-01
1.51200e+04	2.62544e+00	1.44144e-01
1.51300e+04	2.62386e+00	1.43133e-01
1.51400e+04	2.62229e+00	1.42122e-01
1.51500e+04	2.62072e+00	1.41112e-01
1.51600e+04	2.61916e+00	1.40101e-01
1.51700e+04	2.61768e+00	1.39089e-01
1.51800e+04	2.61622e+00	1.38077e-01
1.51900e+04	2.61475e+00	1.37065e-01
1.52000e+04	2.61329e+00	1.36054e-01
1.52100e+04	2.61183e+00	1.35043e-01
1.52200e+04	2.61037e+00	1.34032e-01
1.52300e+04	2.60891e+00	1.33021e-01
1.52400e+04	2.60745e+00	1.32010e-01
1.52500e+04	2.60600e+00	1.31000e-01
1.52600e+04	2.60455e+00	1.29999e-01
1.52700e+04	2.60310e+00	1.28998e-01
1.52800e+04	2.60165e+00	1.27998e-01
1.52900e+04	2.60021e+00	1.26998e-01
1.53000e+04	2.59876e+00	1.25998e-01
1.53100e+04	2.59732e+00	1.24998e-01
1.53200e+04	2.59588e+00	1.23998e-01
1.53300e+04	2.59444e+00	1.22999e-01
1.53400e+04	2.59300e+00	1.22000e-01
1.53500e+04	2.59157e+00	1.21120e-01
1.53600e+04	2.59013e+00	1.20240e-01
1.53700e+04	2.58870e+00	1.19361e-01
1.53800e+04	2.58727e+00	1.18482e-01
1.53900e+04	2.58584e+00	1.17602e-01
1.54000e+04	2.58442e+00	1.16723e-01
1.54100e+04	2.58299e+00	1.15845e-01
1.54200e+04	2.58157e+00	1.14966e-01
1.54300e+04	2.58014e+00	1.14088e-01
1.54400e+04	2.57874e+00	1.13225e-01
1.54500e+04	2.57733e+00	1.12364e-01
1.54600e+04	2.57593e+00	1.11504e-01
1.54700e+04	2.57453e+00	1.10643e-01
1.54800e+04	2.57314e+00	1.09783e-01
1.54900e+04	2.57174e+00	1.08923e-01
1.55000e+04	2.57034e+00	1.08063e-01
1.55100e+04	2.56895e+00	1.07203e-01
1.55200e+04	2.56756e+00	1.06344e-01
1.55300e+04	2.56616e+00	1.05548e-01
1.55400e+04	2.56476e+00	1.04795e-01
1.55500e+04	2.56335e+00	1.04042e-01
1.55600e+04	2.56196e+00	1.03289e-01
1.55700e+04	2.56056e+00	1.02536e-01
1.55800e+04	2.55916e+00	1.01783e-01
1.55900e+04	2.55776e+00	1.01031e-01
1.56000e+04	2.55637e+00	1.00278e-01
1.56100e+04	2.55497e+00	9.95264e-02
1.56200e+04	2.55362e+00	9.87786e-02
1.56300e+04	2.55235e+00	9.80409e-02
1.56400e+04	2.55109e+00	9.73034e-02
1.56500e+04	2.54982e+00	9.65661e-02
1.56600e+04	2.54856e+00	9.58290e-02
1.56700e+04	2.54729e+00	9.50922e-02
1.56800e+04	2.54603e+00	9.43556e-02
1.56900e+04	2.54477e+00	9.36192e-02
1.57000e+04	2.54351e+00	9.28831e-02
1.57100e+04	2.54225e+00	9.21472e-02
1.57200e+04	2.54091e+00	9.14995e-02
1.57300e+04	2.53955e+00	9.08740e-02
1.57400e+04	2.53820e+00	9.02486e-02
1.57500e+04	2.53684e+00	8.96234e-02
1.57600e+04	2.53549e+00	8.89983e-02
1.57700e+04	2.53413e+00	8.83734e-02
1.57800e+04	2.53278e+00	8.77486e-02
1.57900e+04	2.53143e+00	8.71240e-02
1.58000e+04	2.53008e+00	8.64995e-02
1.58100e+04	2.52875e+00	8.58761e-02
1.58200e+04	2.52751e+00	8.52568e-02
1.58300e+04	2.52627e+00	8.46376e-02
1.58400e+04	2.52503e+00	8.40186e-02
1.58500e+04	2.52379e+00	8.33999e-02
1.58600e+04	2.52255e+00	8.27813e-02
1.58700e+04	2.52132e+00	8.21629e-02
1.58800e+04	2.52008e+00	8.15447e-02
1.58900e+04	2.51885e+00	8.09267e-02
1.59000e+04	2.51762e+00	8.03088e-02
1.59100e+04	2.51639e+00	7.96934e-02
1.59200e+04	2.51516e+00	7.90805e-02
1.59300e+04	2.51393e+00	7.84677e-02
1.59400e+04	2.51270e+00	7.78551e-02
1.59500e+04	2.51148e+00	7.72427e-02
1.59600e+04	2.51025e+00	7.66305e-02
1.59700e+04	2.50903e+00	7.60184e-02
1.59800e+04	2.50781e+00	7.54066e-02
1.59900e+04	2.50659e+00	7.47949e-02
1.60000e+04	2.50537e+00	7.41834e-02
1.60100e+04	2.50415e+00	7.35752e-02
1.60200e+04	2.50293e+00	7.29684e-02
1.60300e+04	2.50172e+00	7.23619e-02
1.60400e+04	2.50050e+00	7.17555e-02
1.60500e+04	2.49929e+00	7.11493e-02
1.60600e+04	2.49808e+00	7.05433e-02
1.60700e+04	2.49687e+00	6.99375e-02
1.60800e+04	2.49566e+00	6.93318e-02
1.60900e+04	2.49445e+00	6.87263e-02
1.61000e+04	2.49324e+00	6.81210e-02
1.61100e+04	2.49213e+00	6.76033e-02
1.61200e+04	2.49103e+00	6.71075e-02
1.61300e+04	2.48994e+00	6.66119e-02
1.61400e+04	2.48885e+00	6.61165e-02
1.61500e+04	2.48776e+00	6.56213e-02
1.61600e+04	2.48667e+00	6.51263e-02
1.61700e+04	2.48558e+00	6.46315e-02
1.61800e+04	2.48450e+00	6.41369e-02
1.61900e+04	2.48341e+00	6.36425e-02
1.62000e+04	2.48233e+00	6.31482e-02
1.62100e+04	2.48117e+00	6.26564e-02
1.62200e+04	2.47999e+00	6.21656e-02
1.62300e+04	2.47881e+00	6.16750e-02
1.62400e+04	2.47764e+00	6.11845e-02
1.62500e+04	2.47646e+00	6.06942e-02
1.62600e+04	2.47528e+00	6.02040e-02
1.62700e+04	2.47411e+00	5.97139e-02
1.62800e+04	2.47293e+00	5.92241e-02
1.62900e+04	2.47176e+00	5.87343e-02
1.63000e+04	2.47059e+00	5.82447e-02
1.63100e+04	2.46946e+00	5.78055e-02
1.63200e+04	2.46839e+00	5.74165e-02
1.63300e+04	2.46732e+00	5.70277e-02
1.63400e+04	2.46625e+00	5.66390e-02
1.63500e+04	2.46518e+00	5.62505e-02
1.63600e+04	2.46411e+00	5.58621e-02
1.63700e+04	2.46305e+00	5.54739e-02
1.63800e+04	2.46198e+00	5.50858e-02
1.63900e+04	2.46092e+00	5.46979e-02
1.64000e+04	2.45985e+00	5.43101e-02
1.64100e+04	2.45879e+00	5.39229e-02
1.64200e+04	2.45773e+00	5.35377e-02
1.64300e+04	2.45667e+00	5.31525e-02
1.64400e+04	2.45561e+00	5.27676e-02
1.64500e+04	2.45455e+00	5.23827e-02
1.64600e+04	2.45349e+00	5.19980e-02
1.64700e+04	2.45243e+00	5.16135e-02
1.64800e+04	2.45137e+00	5.12291e-02
1.64900e+04	2.45032e+00	5.08449e-02
1.65000e+04	2.44926e+00	5.04607e-02
1.65100e+04	2.44821e+00	5.00768e-02
1.65200e+04	2.44717e+00	4.96976e-02
1.65300e+04	2.44613e+00	4.93196e-02
1.65400e+04	2.44508e+00	4.89418e-02
1.65500e+04	2.44405e+00	4.85642e-02
1.65600e+04	2.44301e+00	4.81867e-02
1.65700e+04	2.44197e+00	4.78093e-02
1.65800e+04	2.44093e+00	4.74321e-02
1.65900e+04	2.43990e+00	4.70550e-02
1.66000e+04	2.43886e+00	4.66781e-02
1.66100e+04	2.43783e+00	4.63013e-02
1.66200e+04	2.43680e+00	4.59258e-02
1.66300e+04	2.43577e+00	4.55547e-02
1.66400e+04	2.43475e+00	4.51839e-02
1.66500e+04	2.43373e+00	4.48131e-02
1.66600e+04	2.43271e+00	4.44425e-02
1.66700e+04	2.43169e+00	4.40720e-02
1.66800e+04	2.43067e+00	4.37017e-02
1.66900e+04	2.42966e+00	4.33315e-02
1.67000e+04	2.42864e+00	4.29615e-02
1.67100e+04	2.42762e+00	4.25916e-02
1.67200e+04	2.42661e+00	4.22218e-02
1.67300e+04	2.42563e+00	4.18515e-02
1.67400e+04	2.42470e+00	4.14804e-02
1.67500e+04	2.42377e+00	4.11095e-02
1.67600e+04	2.42284e+00	4.07387e-02
1.67700e+04	2.42191e+00	4.03681e-02
1.67800e+04	2.42099e+00	3.99976e-02
1.67900e+04	2.42006e+00	3.96273e-02
1.68000e+04	2.41914e+00	3.92572e-02
1.68100e+04	2.41821e+00	3.88872e-02
1.68200e+04	2.41729e+00	3.85174e-02
1.68300e+04	2.41637e+00	3.81478e-02
1.68400e+04	2.41540e+00	3.78360e-02
1.68500e+04	2.41439e+00	3.75629e-02
1.68600e+04	2.41339e+00	3.72898e-02
1.68700e+04	2.41239e+00	3.70168e-02
1.68800e+04	2.41139e+00	3.67439e-02
1.68900e+04	2.41039e+00	3.64712e-02
1.69000e+04	2.40939e+00	3.61985e-02
1.69100e+04	2.40839e+00	3.59259e-02
1.69200e+04	2.40739e+00	3.56535e-02
1.69300e+04	2.40639e+00	3.53811e-02
1.69400e+04	2.40540e+00	3.51089e-02
1.69500e+04	2.40446e+00	3.48389e-02
1.69600e+04	2.40357e+00	3.45705e-02
1.69700e+04	2.40267e+00	3.43022e-02
1.69800e+04	2.40178e+00	3.40341e-02
1.69900e+04	2.40088e+00	3.37660e-02
1.70000e+04	2.39999e+00	3.34981e-02
1.70100e+04	2.39910e+00	3.32303e-02
1.70200e+04	2.39820e+00	3.29626e-02
1.70300e+04	2.39731e+00	3.26951e-02
1.70400e+04	2.39642e+00	3.24277e-02
1.70500e+04	2.39553e+00	3.21603e-02
1.70600e+04	2.39464e+00	3.18935e-02
1.70700e+04	2.39376e+00	3.16275e-02
1.70800e+04	2.39287e+00	3.13616e-02
1.70900e+04	2.39198e+00	3.10958e-02
1.71000e+04	2.39110e+00	3.08301e-02
1.71100e+04	2.39021e+00	3.05645e-02
1.71200e+04	2.38932e+00	3.02990e-02
1.71300e+04	2.38844e+00	3.00337e-02
1.71400e+04	2.38756e+00	2.97685e-02
1.71500e+04	2.38667e+00	2.95034e-02
1.71600e+04	2.38579e+00	2.92384e-02
1.71700e+04	2.38491e+00	2.89824e-02
1.71800e+04	2.38403e+00	2.88066e-02
1.71900e+04	2.38315e+00	2.86308e-02
1.72000e+04	2.38227e+00	2.84551e-02
1.72100e+04	2.38139e+00	2.82795e-02
1.72200e+04	2.38051e+00	2.81040e-02
1.72300e+04	2.37964e+00	2.79286e-02
1.72400e+04	2.37876e+00	2.77532e-02
1.72500e+04	2.37789e+00	2.75779e-02
1.72600e+04	2.37701e+00	2.74027e-02
1.72700e+04	2.37614e+00	2.72276e-02
1.72800e+04	2.37526e+00	2.70525e-02
1.72900e+04	2.37439e+00	2.68185e-02
1.73000e+04	2.37353e+00	2.65594e-02
1.73100e+04	2.37266e+00	2.63004e-02
1.73200e+04	2.37180e+00	2.60414e-02
1.73300e+04	2.37094e+00	2.57826e-02
1.73400e+04	2.37007e+00	2.55240e-02
1.73500e+04	2.36921e+00	2.52654e-02
1.73600e+04	2.36835e+00	2.50069e-02
1.73700e+04	2.36749e+00	2.47486e-02
1.73800e+04	2.36663e+00	2.44903e-02
1.73900e+04	2.36577e+00	2.42322e-02
1.74000e+04	2.36491e+00	2.39830e-02
1.74100e+04	2.36406e+00	2.38131e-02
1.74200e+04	2.36321e+00	2.36433e-02
1.74300e+04	2.36236e+00	2.34736e-02
1.74400e+04	2.36151e+00	2.33039e-02
1.74500e+04	2.36067e+00	2.31343e-02
1.74600e+04	2.35982e+00	2.29648e-02
1.74700e+04	2.35897e+00	2.27954e-02
1.74800e+04	2.35813e+00	2.26260e-02
1.74900e+04	2.35728e+00	2.24567e-02
1.75000e+04	2.35643e+00	2.22875e-02
1.75100e+04	2.35559e+00	2.21184e-02
1.75200e+04	2.35477e+00	2.19494e-02
1.75300e+04	2.35401e+00	2.17809e-02
1.75400e+04	2.35325e+00	2.16125e-02
1.75500e+04	2.35250e+00	2.14442e-02
1.75600e+04	2.35174e+00	2.12759e-02
1.75700e+04	2.35098e+00	2.11078e-02
1.75800e+04	2.35022e+00	2.09397e-02
1.75900e+04	2.34947e+00	2.07717e-02
1.76000e+04	2.34871e+00	2.06038e-02
1.76100e+04	2.34796e+00	2.04359e-02
1.76200e+04	2.34720e+00	2.02682e-02
1.76300e+04	2.34645e+00	2.01006e-02
1.76400e+04	2.34570e+00	1.99337e-02
1.76500e+04	2.34495e+00	1.97680e-02
1.76600e+04	2.34421e+00	1.96023e-02
1.76700e+04	2.34346e+00	1.94368e-02
1.76800e+04	2.34272e+00	1.92713e-02
1.76900e+04	2.34197e+00	1.91059e-02
1.77000e+04	2.34123e+00	1.89406e-02
1.77100e+04	2.34049e+00	1.87754e-02
1.77200e+04	2.33974e+00	1.86103e-02
1.77300e+04	2.33900e+00	1.84452e-02
1.77400e+04	2.33826e+00	1.82803e-02
1.77500e+04	2.33752e+00	1.81154e-02
1.77600e+04	2.33675e+00	1.79753e-02
1.77700e+04	2.33593e+00	1.78932e-02
1.77800e+04	2.33511e+00	1.78111e-02
1.77900e+04	2.33429e+00	1.77290e-02
1.78000e+04	2.33346e+00	1.76469e-02
1.78100e+04	2.33264e+00	1.75649e-02
1.78200e+04	2.33182e+00	1.74829e-02
1.78300e+04	2.33101e+00	1.74010e-02
1.78400e+04	2.33019e+00	1.73191e-02
1.78500e+04	2.32937e+00	1.72372e-02
1.78600e+04	2.32855e+00	1.71554e-02
1.78700e+04	2.32773e+00	1.70736e-02
1.78800e+04	2.32693e+00	1.69838e-02
1.78900e+04	2.32620e+00	1.68221e-02
1.79000e+04	2.32547e+00	1.66604e-02
1.79100e+04	2.32474e+00	1.64988e-02
1.79200e+04	2.32401e+00	1.63373e-02
1.79300e+04	2.32329e+00	1.61759e-02
1.79400e+04	2.32256e+00	1.60146e-02
1.79500e+04	2.32184e+00	1.58533e-02
1.79600e+04	2.32111e+00	1.56921e-02
1.79700e+04	2.32039e+00	1.55311e-02
1.79800e+04	2.31966e+00	1.53700e-02
1.79900e+04	2.31894e+00	1.52091e-02
1.80000e+04	2.31822e+00	1.50482e-02
1.80100e+04	2.31750e+00	1.49443e-02
1.80200e+04	2.31678e+00	1.48647e-02
1.80300e+04	2.31606e+00	1.47852e-02
1.80400e+04	2.31535e+00	1.47057e-02
1.80500e+04	2.31463e+00	1.46262e-02
1.80600e+04	2.31392e+00	1.45468e-02
1.80700e+04	2.31320e+00	1.44675e-02
1.80800e+04	2.31249e+00	1.43881e-02
1.80900e+04	2.31178e+00	1.43088e-02
1.81000e+04	2.31106e+00	1.42296e-02
1.81100e+04	2.31035e+00	1.41504e-02
1.81200e+04	2.30964e+00	1.40712e-02
1.81300e+04	2.30894e+00	1.39843e-02
1.81400e+04	2.30831e+00	1.38276e-02
1.81500e+04	2.30768e+00	1.36709e-02
1.81600e+04	2.30705e+00	1.35143e-02
1.81700e+04	2.30643e+00	1.33578e-02
1.81800e+04	2.30580e+00	1.32014e-02
1.81900e+04	2.30518e+00	1.30451e-02
1.82000e+04	2.30455e+00	1.28888e-02
1.82100e+04	2.30393e+00	1.27327e-02
1.82200e+04	2.30330e+00	1.25766e-02
1.82300e+04	2.30268e+00	1.24207e-02
1.82400e+04	2.30206e+00	1.22648e-02
1.82500e+04	2.30144e+00	1.21090e-02
1.82600e+04	2.30079e+00	1.19767e-02
1.82700e+04	2.30009e+00	1.18989e-02
1.82800e+04	2.29939e+00	1.18212e-02
1.82900e+04	2.29869e+00	1.17436e-02
1.83000e+04	2.29799e+00	1.16660e-02
1.83100e+04	2.29729e+00	1.15884e-02
1.83200e+04	2.29659e+00	1.15108e-02
1.83300e+04	2.29590e+00	1.14333e-02
1.83400e+04	2.29520e+00	1.13559e-02
1.83500e+04	2.29450e+00	1.12784e-02
1.83600e+04	2.29381e+00	1.12010e-02
1.83700e+04	2.29311e+00	1.11237e-02
1.83800e+04	2.29242e+00	1.10464e-02
1.83900e+04	2.29176e+00	1.09696e-02
1.84000e+04	2.29115e+00	1.08936e-02
1.84100e+04	2.29054e+00	1.08176e-02
1.84200e+04	2.28993e+00	1.07417e-02
1.84300e+04	2.28932e+00	1.06658e-02
1.84400e+04	2.28872e+00	1.05900e-02
1.84500e+04	2.28811e+00	1.05142e-02
1.84600e+04	2.28750e+00	1.04385e-02
1.84700e+04	2.28690e+00	1.03628e-02
1.84800e+04	2.28629e+00	1.02871e-02
1.84900e+04	2.28569e+00	1.02115e-02
1.85000e+04	2.28509e+00	1.01359e-02
1.85100e+04	2.28448e+00	1.00604e-02
1.85200e+04	2.28386e+00	9.98491e-03
1.85300e+04	2.28318e+00	9.90950e-03
1.85400e+04	2.28250e+00	9.83413e-03
1.85500e+04	2.28183e+00	9.75880e-03
1.85600e+04	2.28115e+00	9.68350e-03
1.85700e+04	2.28047e+00	9.60824e-03
1.85800e+04	2.27979e+00	9.53302e-03
1.85900e+04	2.27912e+00	9.45783e-03
1.86000e+04	2.27844e+00	9.38268e-03
1.86100e+04	2.27776e+00	9.30757e-03
1.86200e+04	2.27709e+00	9.23250e-03
1.86300e+04	2.27641e+00	9.15746e-03
1.86400e+04	2.27574e+00	9.08246e-03
1.86500e+04	2.27507e+00	9.00749e-03
1.86600e+04	2.27446e+00	8.93310e-03
1.86700e+04	2.27387e+00	8.85881e-03
1.86800e+04	2.27327e+00	8.78455e-03
1.86900e+04	2.27268e+00	8.71034e-03
1.87000e+04	2.27209e+00	8.63617e-03
1.87100e+04	2.27149e+00	8.56204e-03
1.87200e+04	2.27090e+00	8.48795e-03
1.87300e+04	2.27031e+00	8.41391e-03
1.87400e+04	2.26972e+00	8.33990e-03
1.87500e+04	2.26912e+00	8.26594e-03
1.87600e+04	2.26853e+00	8.19201e-03
1.87700e+04	2.26794e+00	8.11813e-03
1.87800e+04	2.26735e+00	8.04429e-03
1.87900e+04	2.26677e+00	7.97070e-03
1.88000e+04	2.26618e+00	7.89746e-03
1.88100e+04	2.26559e+00	7.82427e-03
1.88200e+04	2.26501e+00	7.75112e-03
1.88300e+04	2.26442e+00	7.67801e-03
1.88400e+04	2.26384e+00	7.60494e-03
1.88500e+04	2.26325e+00	7.53191e-03
1.88600e+04	2.26267e+00	7.45892e-03
1.88700e+04	2.26208e+00	7.38597e-03
1.88800e+04	2.26150e+00	7.31306e-03
1.88900e+04	2.26092e+00	7.24019e-03
1.89000e+04	2.26034e+00	7.16736e-03
1.89100e+04	2.25976e+00	7.09457e-03
1.89200e+04	2.25917e+00	7.02182e-03
1.89300e+04	2.25859e+00	6.94946e-03
1.89400e+04	2.25802e+00	6.87729e-03
1.89500e+04	2.25744e+00	6.80516e-03
1.89600e+04	2.25686e+00	6.73307e-03
1.89700e+04	2.25628e+00	6.66102e-03
1.89800e+04	2.25571e+00	6.58901e-03
1.89900e+04	2.25513e+00	6.51703e-03
1.90000e+04	2.25456e+00	6.44510e-03
1.90100e+04	2.25398e+00	6.37321e-03
1.90200e+04	2.25341e+00	6.30136e-03
1.90300e+04	2.25283e+00	6.22954e-03
1.90400e+04	2.25226e+00	6.15777e-03
1.90500e+04	2.25169e+00	6.08603e-03
1.90600e+04	2.25111e+00	6.01433e-03
1.90700e+04	2.25054e+00	6.00000e-03
1.90800e+04	2.24997e+00	6.00000e-03
1.90900e+04	2.24940e+00	5.99999e-03
1.91000e+04	2.24884e+00	5.99999e-03
1.91100e+04	2.24827e+00	5.99999e-03
1.91200e+04	2.24770e+00	5.99999e-03
1.91300e+04	2.24713e+00	5.99999e-03
1.91400e+04	2.24656e+00	5.99999e-03
1.91500e+04	2.24600e+00	5.99999e-03
1.91600e+04	2.24543e+00	5.99999e-03
1.91700e+04	2.24486e+00	5.99999e-03
1.91800e+04	2.24430e+00	5.99999e-03
1.91900e+04	2.24373e+00	6.00000e-03
1.92000e+04	2.24317e+00	6.00000e-03
1.92100e+04	2.24261e+00	5.95121e-03
1.92200e+04	2.24205e+00	5.88153e-03
1.92300e+04	2.24149e+00	5.81190e-03
1.92400e+04	2.24094e+00	5.74230e-03
1.92500e+04	2.24038e+00	5.67275e-03
1.92600e+04	2.23982e+00	5.60323e-03
1.92700e+04	2.23927e+00	5.53374e-03
1.92800e+04	2.23871e+00	5.46430e-03
1.92900e+04	2.23816e+00	5.39489e-03
1.93000e+04	2.23760e+00	5.32553e-03
1.93100e+04	2.23705e+00	5.25619e-03
1.93200e+04	2.23649e+00	5.18690e-03
1.93300e+04	2.23594e+00	5.11765e-03
1.93400e+04	2.23539e+00	5.04843e-03
1.93500e+04	2.23483e+00	5.00000e-03
1.93600e+04	2.23428e+00	5.00000e-03
1.93700e+04	2.23372e+00	5.00000e-03
1.93800e+04	2.23317e+00	4.99999e-03
1.93900e+04	2.23262e+00	4.99999e-03
1.94000e+04	2.23207e+00	4.99999e-03
1.94100e+04	2.23151e+00	4.99999e-03
1.94200e+04	2.23096e+00	4.99999e-03
1.94300e+04	2.23041e+00	4.99999e-03
1.94400e+04	2.22986e+00	4.99999e-03
1.94500e+04	2.22931e+00	4.99999e-03
1.94600e+04	2.22876e+00	4.99999e-03
1.94700e+04	2.22821e+00	5.00000e-03
1.94800e+04	2.22766e+00	5.00000e-03
1.94900e+04	2.22711e+00	5.00000e-03
1.95000e+04	2.22662e+00	4.94572e-03
1.95100e+04	2.22614e+00	4.87790e-03
1.95200e+04	2.22567e+00	4.81013e-03
1.95300e+04	2.22519e+00	4.74240e-03
1.95400e+04	2.22472e+00	4.67470e-03
1.95500e+04	2.22425e+00	4.60705e-03
1.95600e+04	2.22377e+00	4.53944e-03
1.95700e+04	2.22330e+00	4.47187e-03
1.95800e+04	2.22283e+00	4.40434e-03
1.95900e+04	2.22236e+00	4.33685e-03
1.96000e+04	2.22188e+00	4.26940e-03
1.96100e+04	2.22141e+00	4.20199e-03
1.96200e+04	2.22094e+00	4.13462e-03
1.96300e+04	2.22047e+00	4.06729e-03
1.96400e+04	2.22000e+00	4.00000e-03
1.96500e+04	2.21946e+00	4.00000e-03
1.96600e+04	2.21893e+00	4.00000e-03
1.96700e+04	2.21839e+00	4.00000e-03
1.96800e+04	2.21786e+00	3.99999e-03
1.96900e+04	2.21732e+00	3.99999e-03
1.97000e+04	2.21679e+00	3.99999e-03
1.97100e+04	2.21626e+00	3.99999e-03
1.97200e+04	2.21572e+00	3.99999e-03
1.97300e+04	2.21519e+00	3.99999e-03
1.97400e+04	2.21466e+00	3.99999e-03
1.97500e+04	2.21412e+00	3.99999e-03
1.97600e+04	2.21359e+00	4.00000e-03
1.97700e+04	2.21306e+00	4.00000e-03
1.97800e+04	2.21253e+00	4.00000e-03
1.97900e+04	2.21200e+00	4.00000e-03
1.98000e+04	2.21154e+00	3.93393e-03
1.98100e+04	2.21107e+00	3.86791e-03
1.98200e+04	2.21061e+00	3.80192e-03
1.98300e+04	2.21015e+00	3.73597e-03
1.98400e+04	2.20969e+00	3.67006e-03
1.98500e+04	2.20923e+00	3.60419e-03
1.98600e+04	2.20877e+00	3.53836e-03
1.98700e+04	2.20831e+00	3.47256e-03
1.98800e+04	2.20784e+00	3.40681e-03
1.98900e+04	2.20739e+00	3.34109e-03
1.99000e+04	2.20693e+00	3.27542e-03
1.99100e+04	2.20647e+00	3.20978e-03
1.99200e+04	2.20601e+00	3.14418e-03
1.99300e+04	2.20555e+00	3.07862e-03
1.99400e+04	2.20509e+00	3.01310e-03
1.99500e+04	2.20458e+00	3.00000e-03
1.99600e+04	2.20407e+00	3.00000e-03
1.99700e+04	2.20355e+00	3.00000e-03
1.99800e+04	2.20303e+00	3.00000e-03
1.99900e+04	2.20251e+00	3.00000e-03
2.00000e+04	2.20200e+00	3.00000e-03
