Wavelength(nm)	n	k
3.00000e+02	2.80998e+00	5.92784e-01
3.01000e+02	2.81342e+00	5.77750e-01
3.02000e+02	2.81645e+00	5.62667e-01
3.03000e+02	2.81907e+00	5.47550e-01
3.04000e+02	2.82127e+00	5.32415e-01
3.05000e+02	2.82307e+00	5.17277e-01
3.06000e+02	2.82445e+00	5.02151e-01
3.07000e+02	2.82542e+00	4.87053e-01
3.08000e+02	2.82599e+00	4.71999e-01
3.09000e+02	2.82615e+00	4.57002e-01
3.10000e+02	2.82591e+00	4.42080e-01
3.11000e+02	2.82527e+00	4.27245e-01
3.12000e+02	2.82424e+00	4.12513e-01
3.13000e+02	2.82282e+00	3.97898e-01
3.14000e+02	2.82102e+00	3.83415e-01
3.15000e+02	2.81885e+00	3.69075e-01
3.16000e+02	2.81630e+00	3.54894e-01
3.17000e+02	2.81340e+00	3.40882e-01
3.18000e+02	2.81014e+00	3.27054e-01
3.19000e+02	2.80655e+00	3.13421e-01
3.20000e+02	2.80261e+00	2.99994e-01
3.21000e+02	2.79836e+00	2.86784e-01
3.22000e+02	2.79379e+00	2.73802e-01
3.23000e+02	2.78891e+00	2.61057e-01
3.24000e+02	2.78374e+00	2.48560e-01
3.25000e+02	2.77829e+00	2.36318e-01
3.26000e+02	2.77257e+00	2.24341e-01
3.27000e+02	2.76658e+00	2.12636e-01
3.28000e+02	2.76035e+00	2.01211e-01
3.29000e+02	2.75389e+00	1.90071e-01
3.30000e+02	2.74719e+00	1.79225e-01
3.31000e+02	2.74029e+00	1.68676e-01
3.32000e+02	2.73319e+00	1.58431e-01
3.33000e+02	2.72590e+00	1.48493e-01
3.34000e+02	2.71843e+00	1.38869e-01
3.35000e+02	2.71080e+00	1.29560e-01
3.36000e+02	2.70302e+00	1.20570e-01
3.37000e+02	2.69511e+00	1.11903e-01
3.38000e+02	2.68707e+00	1.03560e-01
3.39000e+02	2.67891e+00	9.55440e-02
3.40000e+02	2.67065e+00	8.78550e-02
3.41000e+02	2.66231e+00	8.04960e-02
3.42000e+02	2.65389e+00	7.34660e-02
3.43000e+02	2.64541e+00	6.67670e-02
3.44000e+02	2.63687e+00	6.03980e-02
3.45000e+02	2.62830e+00	5.43590e-02
3.46000e+02	2.61970e+00	4.86500e-02
3.47000e+02	2.61108e+00	4.32690e-02
3.48000e+02	2.60246e+00	3.82160e-02
3.49000e+02	2.59386e+00	3.34880e-02
3.50000e+02	2.58527e+00	2.90850e-02
3.51000e+02	2.57672e+00	2.50040e-02
3.52000e+02	2.56822e+00	2.12430e-02
3.53000e+02	2.55977e+00	1.78000e-02
3.54000e+02	2.55140e+00	1.46720e-02
3.55000e+02	2.54312e+00	1.18550e-02
3.56000e+02	2.53494e+00	9.34800e-03
3.57000e+02	2.52687e+00	7.14700e-03
3.58000e+02	2.51894e+00	5.24900e-03
3.59000e+02	2.51116e+00	3.65000e-03
3.60000e+02	2.50354e+00	2.34500e-03
3.61000e+02	2.49611e+00	1.33300e-03
3.62000e+02	2.48890e+00	6.07000e-04
3.63000e+02	2.48194e+00	1.65000e-04
3.64000e+02	2.47530e+00	1.00000e-06
3.65000e+02	2.46910e+00	0.00000e+00
3.66000e+02	2.46325e+00	0.00000e+00
3.67000e+02	2.45764e+00	0.00000e+00
3.68000e+02	2.45227e+00	0.00000e+00
3.69000e+02	2.44708e+00	0.00000e+00
3.70000e+02	2.44207e+00	0.00000e+00
3.71000e+02	2.43723e+00	0.00000e+00
3.72000e+02	2.43253e+00	0.00000e+00
3.73000e+02	2.42798e+00	0.00000e+00
3.74000e+02	2.42355e+00	0.00000e+00
3.75000e+02	2.41924e+00	0.00000e+00
3.76000e+02	2.41505e+00	0.00000e+00
3.77000e+02	2.41096e+00	0.00000e+00
3.78000e+02	2.40698e+00	0.00000e+00
3.79000e+02	2.40309e+00	0.00000e+00
3.80000e+02	2.39930e+00	0.00000e+00
3.81000e+02	2.39559e+00	0.00000e+00
3.82000e+02	2.39197e+00	0.00000e+00
3.83000e+02	2.38843e+00	0.00000e+00
3.84000e+02	2.38496e+00	0.00000e+00
3.85000e+02	2.38157e+00	0.00000e+00
3.86000e+02	2.37825e+00	0.00000e+00
3.87000e+02	2.37500e+00	0.00000e+00
3.88000e+02	2.37181e+00	0.00000e+00
3.89000e+02	2.36869e+00	0.00000e+00
3.90000e+02	2.36563e+00	0.00000e+00
3.91000e+02	2.36262e+00	0.00000e+00
3.92000e+02	2.35968e+00	0.00000e+00
3.93000e+02	2.35678e+00	0.00000e+00
3.94000e+02	2.35394e+00	0.00000e+00
3.95000e+02	2.35115e+00	0.00000e+00
3.96000e+02	2.34842e+00	0.00000e+00
3.97000e+02	2.34572e+00	0.00000e+00
3.98000e+02	2.34308e+00	0.00000e+00
3.99000e+02	2.34048e+00	0.00000e+00
4.00000e+02	2.33793e+00	0.00000e+00
4.01000e+02	2.33541e+00	0.00000e+00
4.02000e+02	2.33295e+00	0.00000e+00
4.03000e+02	2.33051e+00	0.00000e+00
4.04000e+02	2.32812e+00	0.00000e+00
4.05000e+02	2.32577e+00	0.00000e+00
4.06000e+02	2.32345e+00	0.00000e+00
4.07000e+02	2.32117e+00	0.00000e+00
4.08000e+02	2.31893e+00	0.00000e+00
4.09000e+02	2.31672e+00	0.00000e+00
4.10000e+02	2.31454e+00	0.00000e+00
4.11000e+02	2.31240e+00	0.00000e+00
4.12000e+02	2.31028e+00	0.00000e+00
4.13000e+02	2.30820e+00	0.00000e+00
4.14000e+02	2.30615e+00	0.00000e+00
4.15000e+02	2.30413e+00	0.00000e+00
4.16000e+02	2.30213e+00	0.00000e+00
4.17000e+02	2.30017e+00	0.00000e+00
4.18000e+02	2.29823e+00	0.00000e+00
4.19000e+02	2.29632e+00	0.00000e+00
4.20000e+02	2.29444e+00	0.00000e+00
4.21000e+02	2.29258e+00	0.00000e+00
4.22000e+02	2.29074e+00	0.00000e+00
4.23000e+02	2.28894e+00	0.00000e+00
4.24000e+02	2.28715e+00	0.00000e+00
4.25000e+02	2.28539e+00	0.00000e+00
4.26000e+02	2.28365e+00	0.00000e+00
4.27000e+02	2.28194e+00	0.00000e+00
4.28000e+02	2.28024e+00	0.00000e+00
4.29000e+02	2.27857e+00	0.00000e+00
4.30000e+02	2.27692e+00	0.00000e+00
4.31000e+02	2.27529e+00	0.00000e+00
4.32000e+02	2.27368e+00	0.00000e+00
4.33000e+02	2.27209e+00	0.00000e+00
4.34000e+02	2.27052e+00	0.00000e+00
4.35000e+02	2.26897e+00	0.00000e+00
4.36000e+02	2.26744e+00	0.00000e+00
4.37000e+02	2.26592e+00	0.00000e+00
4.38000e+02	2.26443e+00	0.00000e+00
4.39000e+02	2.26295e+00	0.00000e+00
4.40000e+02	2.26149e+00	0.00000e+00
4.41000e+02	2.26005e+00	0.00000e+00
4.42000e+02	2.25862e+00	0.00000e+00
4.43000e+02	2.25721e+00	0.00000e+00
4.44000e+02	2.25582e+00	0.00000e+00
4.45000e+02	2.25444e+00	0.00000e+00
4.46000e+02	2.25308e+00	0.00000e+00
4.47000e+02	2.25173e+00	0.00000e+00
4.48000e+02	2.25040e+00	0.00000e+00
4.49000e+02	2.24909e+00	0.00000e+00
4.50000e+02	2.24778e+00	0.00000e+00
4.51000e+02	2.24649e+00	0.00000e+00
4.52000e+02	2.24522e+00	0.00000e+00
4.53000e+02	2.24396e+00	0.00000e+00
4.54000e+02	2.24272e+00	0.00000e+00
4.55000e+02	2.24148e+00	0.00000e+00
4.56000e+02	2.24026e+00	0.00000e+00
4.57000e+02	2.23906e+00	0.00000e+00
4.58000e+02	2.23786e+00	0.00000e+00
4.59000e+02	2.23668e+00	0.00000e+00
4.60000e+02	2.23551e+00	0.00000e+00
4.61000e+02	2.23436e+00	0.00000e+00
4.62000e+02	2.23321e+00	0.00000e+00
4.63000e+02	2.23208e+00	0.00000e+00
4.64000e+02	2.23096e+00	0.00000e+00
4.65000e+02	2.22985e+00	0.00000e+00
4.66000e+02	2.22875e+00	0.00000e+00
4.67000e+02	2.22766e+00	0.00000e+00
4.68000e+02	2.22659e+00	0.00000e+00
4.69000e+02	2.22552e+00	0.00000e+00
4.70000e+02	2.22447e+00	0.00000e+00
4.71000e+02	2.22342e+00	0.00000e+00
4.72000e+02	2.22239e+00	0.00000e+00
4.73000e+02	2.22136e+00	0.00000e+00
4.74000e+02	2.22035e+00	0.00000e+00
4.75000e+02	2.21934e+00	0.00000e+00
4.76000e+02	2.21835e+00	0.00000e+00
4.77000e+02	2.21736e+00	0.00000e+00
4.78000e+02	2.21639e+00	0.00000e+00
4.79000e+02	2.21542e+00	0.00000e+00
4.80000e+02	2.21446e+00	0.00000e+00
4.81000e+02	2.21351e+00	0.00000e+00
4.82000e+02	2.21257e+00	0.00000e+00
4.83000e+02	2.21164e+00	0.00000e+00
4.84000e+02	2.21072e+00	0.00000e+00
4.85000e+02	2.20980e+00	0.00000e+00
4.86000e+02	2.20890e+00	0.00000e+00
4.87000e+02	2.20800e+00	0.00000e+00
4.88000e+02	2.20711e+00	0.00000e+00
4.89000e+02	2.20623e+00	0.00000e+00
4.90000e+02	2.20536e+00	0.00000e+00
4.91000e+02	2.20449e+00	0.00000e+00
4.92000e+02	2.20364e+00	0.00000e+00
4.93000e+02	2.20279e+00	0.00000e+00
4.94000e+02	2.20194e+00	0.00000e+00
4.95000e+02	2.20111e+00	0.00000e+00
4.96000e+02	2.20028e+00	0.00000e+00
4.97000e+02	2.19946e+00	0.00000e+00
4.98000e+02	2.19865e+00	0.00000e+00
4.99000e+02	2.19784e+00	0.00000e+00
5.00000e+02	2.19704e+00	0.00000e+00
5.01000e+02	2.19625e+00	0.00000e+00
5.02000e+02	2.19547e+00	0.00000e+00
5.03000e+02	2.19469e+00	0.00000e+00
5.04000e+02	2.19392e+00	0.00000e+00
5.05000e+02	2.19315e+00	0.00000e+00
5.06000e+02	2.19239e+00	0.00000e+00
5.07000e+02	2.19164e+00	0.00000e+00
5.08000e+02	2.19089e+00	0.00000e+00
5.09000e+02	2.19015e+00	0.00000e+00
5.10000e+02	2.18942e+00	0.00000e+00
5.11000e+02	2.18869e+00	0.00000e+00
5.12000e+02	2.18797e+00	0.00000e+00
5.13000e+02	2.18725e+00	0.00000e+00
5.14000e+02	2.18654e+00	0.00000e+00
5.15000e+02	2.18584e+00	0.00000e+00
5.16000e+02	2.18514e+00	0.00000e+00
5.17000e+02	2.18444e+00	0.00000e+00
5.18000e+02	2.18376e+00	0.00000e+00
5.19000e+02	2.18308e+00	0.00000e+00
5.20000e+02	2.18240e+00	0.00000e+00
5.21000e+02	2.18173e+00	0.00000e+00
5.22000e+02	2.18106e+00	0.00000e+00
5.23000e+02	2.18040e+00	0.00000e+00
5.24000e+02	2.17975e+00	0.00000e+00
5.25000e+02	2.17910e+00	0.00000e+00
5.26000e+02	2.17845e+00	0.00000e+00
5.27000e+02	2.17781e+00	0.00000e+00
5.28000e+02	2.17718e+00	0.00000e+00
5.29000e+02	2.17655e+00	0.00000e+00
5.30000e+02	2.17592e+00	0.00000e+00
5.31000e+02	2.17530e+00	0.00000e+00
5.32000e+02	2.17468e+00	0.00000e+00
5.33000e+02	2.17407e+00	0.00000e+00
5.34000e+02	2.17347e+00	0.00000e+00
5.35000e+02	2.17286e+00	0.00000e+00
5.36000e+02	2.17227e+00	0.00000e+00
5.37000e+02	2.17168e+00	0.00000e+00
5.38000e+02	2.17109e+00	0.00000e+00
5.39000e+02	2.17050e+00	0.00000e+00
5.40000e+02	2.16992e+00	0.00000e+00
5.41000e+02	2.16935e+00	0.00000e+00
5.42000e+02	2.16878e+00	0.00000e+00
5.43000e+02	2.16821e+00	0.00000e+00
5.44000e+02	2.16765e+00	0.00000e+00
5.45000e+02	2.16709e+00	0.00000e+00
5.46000e+02	2.16654e+00	0.00000e+00
5.47000e+02	2.16599e+00	0.00000e+00
5.48000e+02	2.16544e+00	0.00000e+00
5.49000e+02	2.16490e+00	0.00000e+00
5.50000e+02	2.16436e+00	0.00000e+00
5.51000e+02	2.16382e+00	0.00000e+00
5.52000e+02	2.16329e+00	0.00000e+00
5.53000e+02	2.16277e+00	0.00000e+00
5.54000e+02	2.16224e+00	0.00000e+00
5.55000e+02	2.16172e+00	0.00000e+00
5.56000e+02	2.16121e+00	0.00000e+00
5.57000e+02	2.16070e+00	0.00000e+00
5.58000e+02	2.16019e+00	0.00000e+00
5.59000e+02	2.15968e+00	0.00000e+00
5.60000e+02	2.15918e+00	0.00000e+00
5.61000e+02	2.15868e+00	0.00000e+00
5.62000e+02	2.15819e+00	0.00000e+00
5.63000e+02	2.15770e+00	0.00000e+00
5.64000e+02	2.15721e+00	0.00000e+00
5.65000e+02	2.15672e+00	0.00000e+00
5.66000e+02	2.15624e+00	0.00000e+00
5.67000e+02	2.15577e+00	0.00000e+00
5.68000e+02	2.15529e+00	0.00000e+00
5.69000e+02	2.15482e+00	0.00000e+00
5.70000e+02	2.15435e+00	0.00000e+00
5.71000e+02	2.15389e+00	0.00000e+00
5.72000e+02	2.15343e+00	0.00000e+00
5.73000e+02	2.15297e+00	0.00000e+00
5.74000e+02	2.15251e+00	0.00000e+00
5.75000e+02	2.15206e+00	0.00000e+00
5.76000e+02	2.15161e+00	0.00000e+00
5.77000e+02	2.15116e+00	0.00000e+00
5.78000e+02	2.15072e+00	0.00000e+00
5.79000e+02	2.15028e+00	0.00000e+00
5.80000e+02	2.14984e+00	0.00000e+00
5.81000e+02	2.14941e+00	0.00000e+00
5.82000e+02	2.14898e+00	0.00000e+00
5.83000e+02	2.14855e+00	0.00000e+00
5.84000e+02	2.14812e+00	0.00000e+00
5.85000e+02	2.14770e+00	0.00000e+00
5.86000e+02	2.14728e+00	0.00000e+00
5.87000e+02	2.14686e+00	0.00000e+00
5.88000e+02	2.14644e+00	0.00000e+00
5.89000e+02	2.14603e+00	0.00000e+00
5.90000e+02	2.14562e+00	0.00000e+00
5.91000e+02	2.14521e+00	0.00000e+00
5.92000e+02	2.14481e+00	0.00000e+00
5.93000e+02	2.14441e+00	0.00000e+00
5.94000e+02	2.14401e+00	0.00000e+00
5.95000e+02	2.14361e+00	0.00000e+00
5.96000e+02	2.14322e+00	0.00000e+00
5.97000e+02	2.14282e+00	0.00000e+00
5.98000e+02	2.14243e+00	0.00000e+00
5.99000e+02	2.14205e+00	0.00000e+00
6.00000e+02	2.14166e+00	0.00000e+00
6.01000e+02	2.14128e+00	0.00000e+00
6.02000e+02	2.14090e+00	0.00000e+00
6.03000e+02	2.14052e+00	0.00000e+00
6.04000e+02	2.14015e+00	0.00000e+00
6.05000e+02	2.13977e+00	0.00000e+00
6.06000e+02	2.13940e+00	0.00000e+00
6.07000e+02	2.13903e+00	0.00000e+00
6.08000e+02	2.13867e+00	0.00000e+00
6.09000e+02	2.13830e+00	0.00000e+00
6.10000e+02	2.13794e+00	0.00000e+00
6.11000e+02	2.13758e+00	0.00000e+00
6.12000e+02	2.13723e+00	0.00000e+00
6.13000e+02	2.13687e+00	0.00000e+00
6.14000e+02	2.13652e+00	0.00000e+00
6.15000e+02	2.13617e+00	0.00000e+00
6.16000e+02	2.13582e+00	0.00000e+00
6.17000e+02	2.13547e+00	0.00000e+00
6.18000e+02	2.13513e+00	0.00000e+00
6.19000e+02	2.13478e+00	0.00000e+00
6.20000e+02	2.13444e+00	0.00000e+00
6.21000e+02	2.13410e+00	0.00000e+00
6.22000e+02	2.13377e+00	0.00000e+00
6.23000e+02	2.13343e+00	0.00000e+00
6.24000e+02	2.13310e+00	0.00000e+00
6.25000e+02	2.13277e+00	0.00000e+00
6.26000e+02	2.13244e+00	0.00000e+00
6.27000e+02	2.13212e+00	0.00000e+00
6.28000e+02	2.13179e+00	0.00000e+00
6.29000e+02	2.13147e+00	0.00000e+00
6.30000e+02	2.13115e+00	0.00000e+00
6.31000e+02	2.13083e+00	0.00000e+00
6.32000e+02	2.13051e+00	0.00000e+00
6.33000e+02	2.13019e+00	0.00000e+00
6.34000e+02	2.12988e+00	0.00000e+00
6.35000e+02	2.12957e+00	0.00000e+00
6.36000e+02	2.12926e+00	0.00000e+00
6.37000e+02	2.12895e+00	0.00000e+00
6.38000e+02	2.12864e+00	0.00000e+00
6.39000e+02	2.12834e+00	0.00000e+00
6.40000e+02	2.12804e+00	0.00000e+00
6.41000e+02	2.12773e+00	0.00000e+00
6.42000e+02	2.12743e+00	0.00000e+00
6.43000e+02	2.12714e+00	0.00000e+00
6.44000e+02	2.12684e+00	0.00000e+00
6.45000e+02	2.12655e+00	0.00000e+00
6.46000e+02	2.12625e+00	0.00000e+00
6.47000e+02	2.12596e+00	0.00000e+00
6.48000e+02	2.12567e+00	0.00000e+00
6.49000e+02	2.12538e+00	0.00000e+00
6.50000e+02	2.12510e+00	0.00000e+00
6.51000e+02	2.12481e+00	0.00000e+00
6.52000e+02	2.12453e+00	0.00000e+00
6.53000e+02	2.12425e+00	0.00000e+00
6.54000e+02	2.12397e+00	0.00000e+00
6.55000e+02	2.12369e+00	0.00000e+00
6.56000e+02	2.12341e+00	0.00000e+00
6.57000e+02	2.12313e+00	0.00000e+00
6.58000e+02	2.12286e+00	0.00000e+00
6.59000e+02	2.12259e+00	0.00000e+00
6.60000e+02	2.12232e+00	0.00000e+00
6.61000e+02	2.12205e+00	0.00000e+00
6.62000e+02	2.12178e+00	0.00000e+00
6.63000e+02	2.12151e+00	0.00000e+00
6.64000e+02	2.12125e+00	0.00000e+00
6.65000e+02	2.12098e+00	0.00000e+00
6.66000e+02	2.12072e+00	0.00000e+00
6.67000e+02	2.12046e+00	0.00000e+00
6.68000e+02	2.12020e+00	0.00000e+00
6.69000e+02	2.11994e+00	0.00000e+00
6.70000e+02	2.11968e+00	0.00000e+00
6.71000e+02	2.11943e+00	0.00000e+00
6.72000e+02	2.11917e+00	0.00000e+00
6.73000e+02	2.11892e+00	0.00000e+00
6.74000e+02	2.11867e+00	0.00000e+00
6.75000e+02	2.11842e+00	0.00000e+00
6.76000e+02	2.11817e+00	0.00000e+00
6.77000e+02	2.11792e+00	0.00000e+00
6.78000e+02	2.11767e+00	0.00000e+00
6.79000e+02	2.11743e+00	0.00000e+00
6.80000e+02	2.11719e+00	0.00000e+00
6.81000e+02	2.11694e+00	0.00000e+00
6.82000e+02	2.11670e+00	0.00000e+00
6.83000e+02	2.11646e+00	0.00000e+00
6.84000e+02	2.11622e+00	0.00000e+00
6.85000e+02	2.11598e+00	0.00000e+00
6.86000e+02	2.11575e+00	0.00000e+00
6.87000e+02	2.11551e+00	0.00000e+00
6.88000e+02	2.11528e+00	0.00000e+00
6.89000e+02	2.11505e+00	0.00000e+00
6.90000e+02	2.11481e+00	0.00000e+00
6.91000e+02	2.11458e+00	0.00000e+00
6.92000e+02	2.11436e+00	0.00000e+00
6.93000e+02	2.11413e+00	0.00000e+00
6.94000e+02	2.11390e+00	0.00000e+00
6.95000e+02	2.11367e+00	0.00000e+00
6.96000e+02	2.11345e+00	0.00000e+00
6.97000e+02	2.11322e+00	0.00000e+00
6.98000e+02	2.11300e+00	0.00000e+00
6.99000e+02	2.11278e+00	0.00000e+00
7.00000e+02	2.11256e+00	0.00000e+00
7.01000e+02	2.11234e+00	0.00000e+00
7.02000e+02	2.11212e+00	0.00000e+00
7.03000e+02	2.11191e+00	0.00000e+00
7.04000e+02	2.11169e+00	0.00000e+00
7.05000e+02	2.11148e+00	0.00000e+00
7.06000e+02	2.11126e+00	0.00000e+00
7.07000e+02	2.11105e+00	0.00000e+00
7.08000e+02	2.11084e+00	0.00000e+00
7.09000e+02	2.11063e+00	0.00000e+00
7.10000e+02	2.11042e+00	0.00000e+00
7.11000e+02	2.11021e+00	0.00000e+00
7.12000e+02	2.11000e+00	0.00000e+00
7.13000e+02	2.10980e+00	0.00000e+00
7.14000e+02	2.10959e+00	0.00000e+00
7.15000e+02	2.10939e+00	0.00000e+00
7.16000e+02	2.10918e+00	0.00000e+00
7.17000e+02	2.10898e+00	0.00000e+00
7.18000e+02	2.10878e+00	0.00000e+00
7.19000e+02	2.10858e+00	0.00000e+00
7.20000e+02	2.10838e+00	0.00000e+00
7.21000e+02	2.10818e+00	0.00000e+00
7.22000e+02	2.10798e+00	0.00000e+00
7.23000e+02	2.10778e+00	0.00000e+00
7.24000e+02	2.10759e+00	0.00000e+00
7.25000e+02	2.10739e+00	0.00000e+00
7.26000e+02	2.10720e+00	0.00000e+00
7.27000e+02	2.10701e+00	0.00000e+00
7.28000e+02	2.10682e+00	0.00000e+00
7.29000e+02	2.10662e+00	0.00000e+00
7.30000e+02	2.10643e+00	0.00000e+00
7.31000e+02	2.10624e+00	0.00000e+00
7.32000e+02	2.10606e+00	0.00000e+00
7.33000e+02	2.10587e+00	0.00000e+00
7.34000e+02	2.10568e+00	0.00000e+00
7.35000e+02	2.10550e+00	0.00000e+00
7.36000e+02	2.10531e+00	0.00000e+00
7.37000e+02	2.10513e+00	0.00000e+00
7.38000e+02	2.10494e+00	0.00000e+00
7.39000e+02	2.10476e+00	0.00000e+00
7.40000e+02	2.10458e+00	0.00000e+00
7.41000e+02	2.10440e+00	0.00000e+00
7.42000e+02	2.10422e+00	0.00000e+00
7.43000e+02	2.10404e+00	0.00000e+00
7.44000e+02	2.10386e+00	0.00000e+00
7.45000e+02	2.10368e+00	0.00000e+00
7.46000e+02	2.10351e+00	0.00000e+00
7.47000e+02	2.10333e+00	0.00000e+00
7.48000e+02	2.10316e+00	0.00000e+00
7.49000e+02	2.10298e+00	0.00000e+00
7.50000e+02	2.10281e+00	0.00000e+00
7.51000e+02	2.10264e+00	0.00000e+00
7.52000e+02	2.10247e+00	0.00000e+00
7.53000e+02	2.10229e+00	0.00000e+00
7.54000e+02	2.10212e+00	0.00000e+00
7.55000e+02	2.10195e+00	0.00000e+00
7.56000e+02	2.10179e+00	0.00000e+00
7.57000e+02	2.10162e+00	0.00000e+00
7.58000e+02	2.10145e+00	0.00000e+00
7.59000e+02	2.10128e+00	0.00000e+00
7.60000e+02	2.10112e+00	0.00000e+00
7.61000e+02	2.10095e+00	0.00000e+00
7.62000e+02	2.10079e+00	0.00000e+00
7.63000e+02	2.10062e+00	0.00000e+00
7.64000e+02	2.10046e+00	0.00000e+00
7.65000e+02	2.10030e+00	0.00000e+00
7.66000e+02	2.10014e+00	0.00000e+00
7.67000e+02	2.09998e+00	0.00000e+00
7.68000e+02	2.09982e+00	0.00000e+00
7.69000e+02	2.09966e+00	0.00000e+00
7.70000e+02	2.09950e+00	0.00000e+00
7.71000e+02	2.09934e+00	0.00000e+00
7.72000e+02	2.09918e+00	0.00000e+00
7.73000e+02	2.09903e+00	0.00000e+00
7.74000e+02	2.09887e+00	0.00000e+00
7.75000e+02	2.09872e+00	0.00000e+00
7.76000e+02	2.09856e+00	0.00000e+00
7.77000e+02	2.09841e+00	0.00000e+00
7.78000e+02	2.09826e+00	0.00000e+00
7.79000e+02	2.09810e+00	0.00000e+00
7.80000e+02	2.09795e+00	0.00000e+00
7.81000e+02	2.09780e+00	0.00000e+00
7.82000e+02	2.09765e+00	0.00000e+00
7.83000e+02	2.09750e+00	0.00000e+00
7.84000e+02	2.09735e+00	0.00000e+00
7.85000e+02	2.09720e+00	0.00000e+00
7.86000e+02	2.09706e+00	0.00000e+00
7.87000e+02	2.09691e+00	0.00000e+00
7.88000e+02	2.09676e+00	0.00000e+00
7.89000e+02	2.09662e+00	0.00000e+00
7.90000e+02	2.09647e+00	0.00000e+00
7.91000e+02	2.09633e+00	0.00000e+00
7.92000e+02	2.09618e+00	0.00000e+00
7.93000e+02	2.09604e+00	0.00000e+00
7.94000e+02	2.09590e+00	0.00000e+00
7.95000e+02	2.09575e+00	0.00000e+00
7.96000e+02	2.09561e+00	0.00000e+00
7.97000e+02	2.09547e+00	0.00000e+00
7.98000e+02	2.09533e+00	0.00000e+00
7.99000e+02	2.09519e+00	0.00000e+00
8.00000e+02	2.09505e+00	0.00000e+00
8.01000e+02	2.09491e+00	0.00000e+00
8.02000e+02	2.09477e+00	0.00000e+00
8.03000e+02	2.09464e+00	0.00000e+00
8.04000e+02	2.09450e+00	0.00000e+00
8.05000e+02	2.09436e+00	0.00000e+00
8.06000e+02	2.09423e+00	0.00000e+00
8.07000e+02	2.09409e+00	0.00000e+00
8.08000e+02	2.09396e+00	0.00000e+00
8.09000e+02	2.09382e+00	0.00000e+00
8.10000e+02	2.09369e+00	0.00000e+00
8.11000e+02	2.09356e+00	0.00000e+00
8.12000e+02	2.09342e+00	0.00000e+00
8.13000e+02	2.09329e+00	0.00000e+00
8.14000e+02	2.09316e+00	0.00000e+00
8.15000e+02	2.09303e+00	0.00000e+00
8.16000e+02	2.09290e+00	0.00000e+00
8.17000e+02	2.09277e+00	0.00000e+00
8.18000e+02	2.09264e+00	0.00000e+00
8.19000e+02	2.09251e+00	0.00000e+00
8.20000e+02	2.09238e+00	0.00000e+00
8.21000e+02	2.09226e+00	0.00000e+00
8.22000e+02	2.09213e+00	0.00000e+00
8.23000e+02	2.09200e+00	0.00000e+00
8.24000e+02	2.09188e+00	0.00000e+00
8.25000e+02	2.09175e+00	0.00000e+00
8.26000e+02	2.09163e+00	0.00000e+00
8.27000e+02	2.09150e+00	0.00000e+00
8.28000e+02	2.09138e+00	0.00000e+00
8.29000e+02	2.09125e+00	0.00000e+00
8.30000e+02	2.09113e+00	0.00000e+00
8.31000e+02	2.09101e+00	0.00000e+00
8.32000e+02	2.09088e+00	0.00000e+00
8.33000e+02	2.09076e+00	0.00000e+00
8.34000e+02	2.09064e+00	0.00000e+00
8.35000e+02	2.09052e+00	0.00000e+00
8.36000e+02	2.09040e+00	0.00000e+00
8.37000e+02	2.09028e+00	0.00000e+00
8.38000e+02	2.09016e+00	0.00000e+00
8.39000e+02	2.09004e+00	0.00000e+00
8.40000e+02	2.08993e+00	0.00000e+00
8.41000e+02	2.08981e+00	0.00000e+00
8.42000e+02	2.08969e+00	0.00000e+00
8.43000e+02	2.08957e+00	0.00000e+00
8.44000e+02	2.08946e+00	0.00000e+00
8.45000e+02	2.08934e+00	0.00000e+00
8.46000e+02	2.08922e+00	0.00000e+00
8.47000e+02	2.08911e+00	0.00000e+00
8.48000e+02	2.08900e+00	0.00000e+00
8.49000e+02	2.08888e+00	0.00000e+00
8.50000e+02	2.08877e+00	0.00000e+00
8.51000e+02	2.08865e+00	0.00000e+00
8.52000e+02	2.08854e+00	0.00000e+00
8.53000e+02	2.08843e+00	0.00000e+00
8.54000e+02	2.08832e+00	0.00000e+00
8.55000e+02	2.08820e+00	0.00000e+00
8.56000e+02	2.08809e+00	0.00000e+00
8.57000e+02	2.08798e+00	0.00000e+00
8.58000e+02	2.08787e+00	0.00000e+00
8.59000e+02	2.08776e+00	0.00000e+00
8.60000e+02	2.08765e+00	0.00000e+00
8.61000e+02	2.08754e+00	0.00000e+00
8.62000e+02	2.08744e+00	0.00000e+00
8.63000e+02	2.08733e+00	0.00000e+00
8.64000e+02	2.08722e+00	0.00000e+00
8.65000e+02	2.08711e+00	0.00000e+00
8.66000e+02	2.08700e+00	0.00000e+00
8.67000e+02	2.08690e+00	0.00000e+00
8.68000e+02	2.08679e+00	0.00000e+00
8.69000e+02	2.08669e+00	0.00000e+00
8.70000e+02	2.08658e+00	0.00000e+00
8.71000e+02	2.08648e+00	0.00000e+00
8.72000e+02	2.08637e+00	0.00000e+00
8.73000e+02	2.08627e+00	0.00000e+00
8.74000e+02	2.08616e+00	0.00000e+00
8.75000e+02	2.08606e+00	0.00000e+00
8.76000e+02	2.08596e+00	0.00000e+00
8.77000e+02	2.08585e+00	0.00000e+00
8.78000e+02	2.08575e+00	0.00000e+00
8.79000e+02	2.08565e+00	0.00000e+00
8.80000e+02	2.08555e+00	0.00000e+00
8.81000e+02	2.08545e+00	0.00000e+00
8.82000e+02	2.08535e+00	0.00000e+00
8.83000e+02	2.08525e+00	0.00000e+00
8.84000e+02	2.08515e+00	0.00000e+00
8.85000e+02	2.08505e+00	0.00000e+00
8.86000e+02	2.08495e+00	0.00000e+00
8.87000e+02	2.08485e+00	0.00000e+00
8.88000e+02	2.08475e+00	0.00000e+00
8.89000e+02	2.08465e+00	0.00000e+00
8.90000e+02	2.08455e+00	0.00000e+00
8.91000e+02	2.08446e+00	0.00000e+00
8.92000e+02	2.08436e+00	0.00000e+00
8.93000e+02	2.08426e+00	0.00000e+00
8.94000e+02	2.08417e+00	0.00000e+00
8.95000e+02	2.08407e+00	0.00000e+00
8.96000e+02	2.08398e+00	0.00000e+00
8.97000e+02	2.08388e+00	0.00000e+00
8.98000e+02	2.08379e+00	0.00000e+00
8.99000e+02	2.08369e+00	0.00000e+00
9.00000e+02	2.08360e+00	0.00000e+00
9.01000e+02	2.08350e+00	0.00000e+00
9.02000e+02	2.08341e+00	0.00000e+00
9.03000e+02	2.08332e+00	0.00000e+00
9.04000e+02	2.08322e+00	0.00000e+00
9.05000e+02	2.08313e+00	0.00000e+00
9.06000e+02	2.08304e+00	0.00000e+00
9.07000e+02	2.08295e+00	0.00000e+00
9.08000e+02	2.08285e+00	0.00000e+00
9.09000e+02	2.08276e+00	0.00000e+00
9.10000e+02	2.08267e+00	0.00000e+00
9.11000e+02	2.08258e+00	0.00000e+00
9.12000e+02	2.08249e+00	0.00000e+00
9.13000e+02	2.08240e+00	0.00000e+00
9.14000e+02	2.08231e+00	0.00000e+00
9.15000e+02	2.08222e+00	0.00000e+00
9.16000e+02	2.08213e+00	0.00000e+00
9.17000e+02	2.08205e+00	0.00000e+00
9.18000e+02	2.08196e+00	0.00000e+00
9.19000e+02	2.08187e+00	0.00000e+00
9.20000e+02	2.08178e+00	0.00000e+00
9.21000e+02	2.08169e+00	0.00000e+00
9.22000e+02	2.08161e+00	0.00000e+00
9.23000e+02	2.08152e+00	0.00000e+00
9.24000e+02	2.08143e+00	0.00000e+00
9.25000e+02	2.08135e+00	0.00000e+00
9.26000e+02	2.08126e+00	0.00000e+00
9.27000e+02	2.08118e+00	0.00000e+00
9.28000e+02	2.08109e+00	0.00000e+00
9.29000e+02	2.08101e+00	0.00000e+00
9.30000e+02	2.08092e+00	0.00000e+00
9.31000e+02	2.08084e+00	0.00000e+00
9.32000e+02	2.08075e+00	0.00000e+00
9.33000e+02	2.08067e+00	0.00000e+00
9.34000e+02	2.08059e+00	0.00000e+00
9.35000e+02	2.08050e+00	0.00000e+00
9.36000e+02	2.08042e+00	0.00000e+00
9.37000e+02	2.08034e+00	0.00000e+00
9.38000e+02	2.08026e+00	0.00000e+00
9.39000e+02	2.08017e+00	0.00000e+00
9.40000e+02	2.08009e+00	0.00000e+00
9.41000e+02	2.08001e+00	0.00000e+00
9.42000e+02	2.07993e+00	0.00000e+00
9.43000e+02	2.07985e+00	0.00000e+00
9.44000e+02	2.07977e+00	0.00000e+00
9.45000e+02	2.07969e+00	0.00000e+00
9.46000e+02	2.07961e+00	0.00000e+00
9.47000e+02	2.07953e+00	0.00000e+00
9.48000e+02	2.07945e+00	0.00000e+00
9.49000e+02	2.07937e+00	0.00000e+00
9.50000e+02	2.07929e+00	0.00000e+00
9.51000e+02	2.07921e+00	0.00000e+00
9.52000e+02	2.07913e+00	0.00000e+00
9.53000e+02	2.07905e+00	0.00000e+00
9.54000e+02	2.07897e+00	0.00000e+00
9.55000e+02	2.07890e+00	0.00000e+00
9.56000e+02	2.07882e+00	0.00000e+00
9.57000e+02	2.07874e+00	0.00000e+00
9.58000e+02	2.07867e+00	0.00000e+00
9.59000e+02	2.07859e+00	0.00000e+00
9.60000e+02	2.07851e+00	0.00000e+00
9.61000e+02	2.07844e+00	0.00000e+00
9.62000e+02	2.07836e+00	0.00000e+00
9.63000e+02	2.07829e+00	0.00000e+00
9.64000e+02	2.07821e+00	0.00000e+00
9.65000e+02	2.07814e+00	0.00000e+00
9.66000e+02	2.07806e+00	0.00000e+00
9.67000e+02	2.07798e+00	0.00000e+00
9.68000e+02	2.07791e+00	0.00000e+00
9.69000e+02	2.07784e+00	0.00000e+00
9.70000e+02	2.07776e+00	0.00000e+00
9.71000e+02	2.07769e+00	0.00000e+00
9.72000e+02	2.07762e+00	0.00000e+00
9.73000e+02	2.07754e+00	0.00000e+00
9.74000e+02	2.07747e+00	0.00000e+00
9.75000e+02	2.07740e+00	0.00000e+00
9.76000e+02	2.07733e+00	0.00000e+00
9.77000e+02	2.07725e+00	0.00000e+00
9.78000e+02	2.07718e+00	0.00000e+00
9.79000e+02	2.07711e+00	0.00000e+00
9.80000e+02	2.07704e+00	0.00000e+00
9.81000e+02	2.07697e+00	0.00000e+00
9.82000e+02	2.07689e+00	0.00000e+00
9.83000e+02	2.07682e+00	0.00000e+00
9.84000e+02	2.07675e+00	0.00000e+00
9.85000e+02	2.07668e+00	0.00000e+00
9.86000e+02	2.07661e+00	0.00000e+00
9.87000e+02	2.07654e+00	0.00000e+00
9.88000e+02	2.07647e+00	0.00000e+00
9.89000e+02	2.07640e+00	0.00000e+00
9.90000e+02	2.07634e+00	0.00000e+00
9.91000e+02	2.07627e+00	0.00000e+00
9.92000e+02	2.07620e+00	0.00000e+00
9.93000e+02	2.07613e+00	0.00000e+00
9.94000e+02	2.07606e+00	0.00000e+00
9.95000e+02	2.07599e+00	0.00000e+00
9.96000e+02	2.07593e+00	0.00000e+00
9.97000e+02	2.07586e+00	0.00000e+00
9.98000e+02	2.07579e+00	0.00000e+00
9.99000e+02	2.07572e+00	0.00000e+00
1.00000e+03	2.07566e+00	0.00000e+00
1.00250e+03	2.07549e+00	0.00000e+00
1.00500e+03	2.07532e+00	0.00000e+00
1.00750e+03	2.07516e+00	0.00000e+00
1.01000e+03	2.07500e+00	0.00000e+00
1.01250e+03	2.07484e+00	0.00000e+00
1.01500e+03	2.07468e+00	0.00000e+00
1.01750e+03	2.07452e+00	0.00000e+00
1.02000e+03	2.07436e+00	0.00000e+00
1.02250e+03	2.07421e+00	0.00000e+00
1.02500e+03	2.07405e+00	0.00000e+00
1.02750e+03	2.07390e+00	0.00000e+00
1.03000e+03	2.07374e+00	0.00000e+00
1.03250e+03	2.07359e+00	0.00000e+00
1.03500e+03	2.07344e+00	0.00000e+00
1.03750e+03	2.07329e+00	0.00000e+00
1.04000e+03	2.07315e+00	0.00000e+00
1.04250e+03	2.07300e+00	0.00000e+00
1.04500e+03	2.07285e+00	0.00000e+00
1.04750e+03	2.07271e+00	0.00000e+00
1.05000e+03	2.07256e+00	0.00000e+00
1.05250e+03	2.07242e+00	0.00000e+00
1.05500e+03	2.07228e+00	0.00000e+00
1.05750e+03	2.07214e+00	0.00000e+00
1.06000e+03	2.07200e+00	0.00000e+00
1.06250e+03	2.07186e+00	0.00000e+00
1.06500e+03	2.07173e+00	0.00000e+00
1.06750e+03	2.07159e+00	0.00000e+00
1.07000e+03	2.07146e+00	0.00000e+00
1.07250e+03	2.07132e+00	0.00000e+00
1.07500e+03	2.07119e+00	0.00000e+00
1.07750e+03	2.07106e+00	0.00000e+00
1.08000e+03	2.07093e+00	0.00000e+00
1.08250e+03	2.07080e+00	0.00000e+00
1.08500e+03	2.07067e+00	0.00000e+00
1.08750e+03	2.07054e+00	0.00000e+00
1.09000e+03	2.07041e+00	0.00000e+00
1.09250e+03	2.07028e+00	0.00000e+00
1.09500e+03	2.07016e+00	0.00000e+00
1.09750e+03	2.07003e+00	0.00000e+00
1.10000e+03	2.06991e+00	0.00000e+00
1.10250e+03	2.06979e+00	0.00000e+00
1.10500e+03	2.06967e+00	0.00000e+00
1.10750e+03	2.06955e+00	0.00000e+00
1.11000e+03	2.06942e+00	0.00000e+00
1.11250e+03	2.06930e+00	0.00000e+00
1.11500e+03	2.06919e+00	0.00000e+00
1.11750e+03	2.06907e+00	0.00000e+00
1.12000e+03	2.06895e+00	0.00000e+00
1.12250e+03	2.06884e+00	0.00000e+00
1.12500e+03	2.06872e+00	0.00000e+00
1.12750e+03	2.06861e+00	0.00000e+00
1.13000e+03	2.06849e+00	0.00000e+00
1.13250e+03	2.06838e+00	0.00000e+00
1.13500e+03	2.06827e+00	0.00000e+00
1.13750e+03	2.06816e+00	0.00000e+00
1.14000e+03	2.06805e+00	0.00000e+00
1.14250e+03	2.06794e+00	0.00000e+00
1.14500e+03	2.06783e+00	0.00000e+00
1.14750e+03	2.06772e+00	0.00000e+00
1.15000e+03	2.06761e+00	0.00000e+00
1.15250e+03	2.06751e+00	0.00000e+00
1.15500e+03	2.06740e+00	0.00000e+00
1.15750e+03	2.06730e+00	0.00000e+00
1.16000e+03	2.06719e+00	0.00000e+00
1.16250e+03	2.06709e+00	0.00000e+00
1.16500e+03	2.06698e+00	0.00000e+00
1.16750e+03	2.06688e+00	0.00000e+00
1.17000e+03	2.06678e+00	0.00000e+00
1.17250e+03	2.06668e+00	0.00000e+00
1.17500e+03	2.06658e+00	0.00000e+00
1.17750e+03	2.06648e+00	0.00000e+00
1.18000e+03	2.06638e+00	0.00000e+00
1.18250e+03	2.06628e+00	0.00000e+00
1.18500e+03	2.06618e+00	0.00000e+00
1.18750e+03	2.06609e+00	0.00000e+00
1.19000e+03	2.06599e+00	0.00000e+00
1.19250e+03	2.06589e+00	0.00000e+00
1.19500e+03	2.06580e+00	0.00000e+00
1.19750e+03	2.06570e+00	0.00000e+00
1.20000e+03	2.06561e+00	0.00000e+00
1.20250e+03	2.06552e+00	0.00000e+00
1.20500e+03	2.06542e+00	0.00000e+00
1.20750e+03	2.06533e+00	0.00000e+00
1.21000e+03	2.06524e+00	0.00000e+00
1.21250e+03	2.06515e+00	0.00000e+00
1.21500e+03	2.06506e+00	0.00000e+00
1.21750e+03	2.06497e+00	0.00000e+00
1.22000e+03	2.06488e+00	0.00000e+00
1.22250e+03	2.06479e+00	0.00000e+00
1.22500e+03	2.06471e+00	0.00000e+00
1.22750e+03	2.06462e+00	0.00000e+00
1.23000e+03	2.06453e+00	0.00000e+00
1.23250e+03	2.06444e+00	0.00000e+00
1.23500e+03	2.06436e+00	0.00000e+00
1.23750e+03	2.06427e+00	0.00000e+00
1.24000e+03	2.06419e+00	0.00000e+00
1.24250e+03	2.06410e+00	0.00000e+00
1.24500e+03	2.06402e+00	0.00000e+00
1.24750e+03	2.06394e+00	0.00000e+00
1.25000e+03	2.06386e+00	0.00000e+00
1.25250e+03	2.06377e+00	0.00000e+00
1.25500e+03	2.06369e+00	0.00000e+00
1.25750e+03	2.06361e+00	0.00000e+00
1.26000e+03	2.06353e+00	0.00000e+00
1.26250e+03	2.06345e+00	0.00000e+00
1.26500e+03	2.06337e+00	0.00000e+00
1.26750e+03	2.06329e+00	0.00000e+00
1.27000e+03	2.06321e+00	0.00000e+00
1.27250e+03	2.06313e+00	0.00000e+00
1.27500e+03	2.06306e+00	0.00000e+00
1.27750e+03	2.06298e+00	0.00000e+00
1.28000e+03	2.06290e+00	0.00000e+00
1.28250e+03	2.06283e+00	0.00000e+00
1.28500e+03	2.06275e+00	0.00000e+00
1.28750e+03	2.06268e+00	0.00000e+00
1.29000e+03	2.06260e+00	0.00000e+00
1.29250e+03	2.06253e+00	0.00000e+00
1.29500e+03	2.06245e+00	0.00000e+00
1.29750e+03	2.06238e+00	0.00000e+00
1.30000e+03	2.06230e+00	0.00000e+00
1.30250e+03	2.06223e+00	0.00000e+00
1.30500e+03	2.06216e+00	0.00000e+00
1.30750e+03	2.06209e+00	0.00000e+00
1.31000e+03	2.06202e+00	0.00000e+00
1.31250e+03	2.06195e+00	0.00000e+00
1.31500e+03	2.06188e+00	0.00000e+00
1.31750e+03	2.06181e+00	0.00000e+00
1.32000e+03	2.06174e+00	0.00000e+00
1.32250e+03	2.06167e+00	0.00000e+00
1.32500e+03	2.06160e+00	0.00000e+00
1.32750e+03	2.06153e+00	0.00000e+00
1.33000e+03	2.06146e+00	0.00000e+00
1.33250e+03	2.06139e+00	0.00000e+00
1.33500e+03	2.06133e+00	0.00000e+00
1.33750e+03	2.06126e+00	0.00000e+00
1.34000e+03	2.06119e+00	0.00000e+00
1.34250e+03	2.06113e+00	0.00000e+00
1.34500e+03	2.06106e+00	0.00000e+00
1.34750e+03	2.06100e+00	0.00000e+00
1.35000e+03	2.06093e+00	0.00000e+00
1.35250e+03	2.06087e+00	0.00000e+00
1.35500e+03	2.06080e+00	0.00000e+00
1.35750e+03	2.06074e+00	0.00000e+00
1.36000e+03	2.06068e+00	0.00000e+00
1.36250e+03	2.06061e+00	0.00000e+00
1.36500e+03	2.06055e+00	0.00000e+00
1.36750e+03	2.06049e+00	0.00000e+00
1.37000e+03	2.06042e+00	0.00000e+00
1.37250e+03	2.06036e+00	0.00000e+00
1.37500e+03	2.06030e+00	0.00000e+00
1.37750e+03	2.06024e+00	0.00000e+00
1.38000e+03	2.06018e+00	0.00000e+00
1.38250e+03	2.06012e+00	0.00000e+00
1.38500e+03	2.06006e+00	0.00000e+00
1.38750e+03	2.06000e+00	0.00000e+00
1.39000e+03	2.05994e+00	0.00000e+00
1.39250e+03	2.05988e+00	0.00000e+00
1.39500e+03	2.05982e+00	0.00000e+00
1.39750e+03	2.05977e+00	0.00000e+00
1.40000e+03	2.05971e+00	0.00000e+00
1.40250e+03	2.05965e+00	0.00000e+00
1.40500e+03	2.05959e+00	0.00000e+00
1.40750e+03	2.05954e+00	0.00000e+00
1.41000e+03	2.05948e+00	0.00000e+00
1.41250e+03	2.05942e+00	0.00000e+00
1.41500e+03	2.05937e+00	0.00000e+00
1.41750e+03	2.05931e+00	0.00000e+00
1.42000e+03	2.05925e+00	0.00000e+00
1.42250e+03	2.05920e+00	0.00000e+00
1.42500e+03	2.05915e+00	0.00000e+00
1.42750e+03	2.05909e+00	0.00000e+00
1.43000e+03	2.05904e+00	0.00000e+00
1.43250e+03	2.05898e+00	0.00000e+00
1.43500e+03	2.05893e+00	0.00000e+00
1.43750e+03	2.05888e+00	0.00000e+00
1.44000e+03	2.05882e+00	0.00000e+00
1.44250e+03	2.05877e+00	0.00000e+00
1.44500e+03	2.05872e+00	0.00000e+00
1.44750e+03	2.05866e+00	0.00000e+00
1.45000e+03	2.05861e+00	0.00000e+00
1.45250e+03	2.05856e+00	0.00000e+00
1.45500e+03	2.05851e+00	0.00000e+00
1.45750e+03	2.05846e+00	0.00000e+00
1.46000e+03	2.05841e+00	0.00000e+00
1.46250e+03	2.05836e+00	0.00000e+00
1.46500e+03	2.05831e+00	0.00000e+00
1.46750e+03	2.05826e+00	0.00000e+00
1.47000e+03	2.05821e+00	0.00000e+00
1.47250e+03	2.05816e+00	0.00000e+00
1.47500e+03	2.05811e+00	0.00000e+00
1.47750e+03	2.05806e+00	0.00000e+00
1.48000e+03	2.05801e+00	0.00000e+00
1.48250e+03	2.05796e+00	0.00000e+00
1.48500e+03	2.05791e+00	0.00000e+00
1.48750e+03	2.05786e+00	0.00000e+00
1.49000e+03	2.05782e+00	0.00000e+00
1.49250e+03	2.05777e+00	0.00000e+00
1.49500e+03	2.05772e+00	0.00000e+00
1.49750e+03	2.05767e+00	0.00000e+00
1.50000e+03	2.05763e+00	0.00000e+00
1.50250e+03	2.05758e+00	0.00000e+00
1.50500e+03	2.05754e+00	0.00000e+00
1.50750e+03	2.05749e+00	0.00000e+00
1.51000e+03	2.05744e+00	0.00000e+00
1.51250e+03	2.05740e+00	0.00000e+00
1.51500e+03	2.05735e+00	0.00000e+00
1.51750e+03	2.05731e+00	0.00000e+00
1.52000e+03	2.05726e+00	0.00000e+00
1.52250e+03	2.05722e+00	0.00000e+00
1.52500e+03	2.05717e+00	0.00000e+00
1.52750e+03	2.05713e+00	0.00000e+00
1.53000e+03	2.05708e+00	0.00000e+00
1.53250e+03	2.05704e+00	0.00000e+00
1.53500e+03	2.05700e+00	0.00000e+00
1.53750e+03	2.05695e+00	0.00000e+00
1.54000e+03	2.05691e+00	0.00000e+00
1.54250e+03	2.05687e+00	0.00000e+00
1.54500e+03	2.05682e+00	0.00000e+00
1.54750e+03	2.05678e+00	0.00000e+00
1.55000e+03	2.05674e+00	0.00000e+00
1.55250e+03	2.05670e+00	0.00000e+00
1.55500e+03	2.05666e+00	0.00000e+00
1.55750e+03	2.05661e+00	0.00000e+00
1.56000e+03	2.05657e+00	0.00000e+00
1.56250e+03	2.05653e+00	0.00000e+00
1.56500e+03	2.05649e+00	0.00000e+00
1.56750e+03	2.05645e+00	0.00000e+00
1.57000e+03	2.05641e+00	0.00000e+00
1.57250e+03	2.05637e+00	0.00000e+00
1.57500e+03	2.05633e+00	0.00000e+00
1.57750e+03	2.05629e+00	0.00000e+00
1.58000e+03	2.05625e+00	0.00000e+00
1.58250e+03	2.05621e+00	0.00000e+00
1.58500e+03	2.05617e+00	0.00000e+00
1.58750e+03	2.05613e+00	0.00000e+00
1.59000e+03	2.05609e+00	0.00000e+00
1.59250e+03	2.05605e+00	0.00000e+00
1.59500e+03	2.05601e+00	0.00000e+00
1.59750e+03	2.05597e+00	0.00000e+00
1.60000e+03	2.05594e+00	0.00000e+00
1.60250e+03	2.05590e+00	0.00000e+00
1.60500e+03	2.05586e+00	0.00000e+00
1.60750e+03	2.05582e+00	0.00000e+00
1.61000e+03	2.05578e+00	0.00000e+00
1.61250e+03	2.05575e+00	0.00000e+00
1.61500e+03	2.05571e+00	0.00000e+00
1.61750e+03	2.05567e+00	0.00000e+00
1.62000e+03	2.05564e+00	0.00000e+00
1.62250e+03	2.05560e+00	0.00000e+00
1.62500e+03	2.05556e+00	0.00000e+00
1.62750e+03	2.05553e+00	0.00000e+00
1.63000e+03	2.05549e+00	0.00000e+00
1.63250e+03	2.05545e+00	0.00000e+00
1.63500e+03	2.05542e+00	0.00000e+00
1.63750e+03	2.05538e+00	0.00000e+00
1.64000e+03	2.05535e+00	0.00000e+00
1.64250e+03	2.05531e+00	0.00000e+00
1.64500e+03	2.05527e+00	0.00000e+00
1.64750e+03	2.05524e+00	0.00000e+00
1.65000e+03	2.05521e+00	0.00000e+00
1.65250e+03	2.05517e+00	0.00000e+00
1.65500e+03	2.05514e+00	0.00000e+00
1.65750e+03	2.05510e+00	0.00000e+00
1.66000e+03	2.05507e+00	0.00000e+00
1.66250e+03	2.05503e+00	0.00000e+00
1.66500e+03	2.05500e+00	0.00000e+00
1.66750e+03	2.05497e+00	0.00000e+00
1.67000e+03	2.05493e+00	0.00000e+00
1.67250e+03	2.05490e+00	0.00000e+00
1.67500e+03	2.05486e+00	0.00000e+00
1.67750e+03	2.05483e+00	0.00000e+00
1.68000e+03	2.05480e+00	0.00000e+00
1.68250e+03	2.05477e+00	0.00000e+00
1.68500e+03	2.05473e+00	0.00000e+00
1.68750e+03	2.05470e+00	0.00000e+00
1.69000e+03	2.05467e+00	0.00000e+00
