# Data from McBride et al. (2002), NASA Glenn Coefficients for Calculating Thermodynamic Properties of Individual Species, No. 2002-211556 NASA
# https://ntrs.nasa.gov/citations/20020085330
# The Hill system is adopted and state refers to the JANAF convention for the state of aggregation
# Temperature ranges should be in ascending order
# Gases appear in the top section and condensed phases appear further down.
# Column names are as follows:
hill_formula state T_min T_max a1 a2 a3 a4 a5 a6 a7 b1 b2
# --- Gases ---
Al g 200 1000 5.006608890e+03 1.861304407e+01 2.412531111e00 1.987604647e-04 -2.432362152e-07 1.538281506e-10 -3.944375734e-14 3.887412680e+04 6.086585765e+00
Al g 1000 6000 -2.920820938e+04 1.167751876e+02 2.356906505e+00 7.737231520e-05 -1.529455262e-08 -9.971670260e-13 5.053278264e-16 3.823288650e+04 6.600920155e+00
Al g 6000 20000 -5.040682320e+08 3.802322650e+05 -1.082347159e+02 1.549444292e-02 -1.070103856e-06 3.592110900e-11 -4.696039394e-16 -2.901050501e+06 9.491883160e+02
AlO g 200 1000 -7.683391100e+03 2.957969549e+02 4.808108440e-01 1.169224855e-02 -1.595428871e-05 1.060766814e-08 -2.647888708e-12 5.843672170e+03 2.160997839e+01
AlO g 1000 6000 1.565721161e+04 3.855741010e+03 -5.926079780e+00 9.050960420e-03 -2.930661549e-06 4.238529070e-10 -2.280655341e-14 -1.331694655e+04 6.830663436e+01
AlO g 6000 20000 4.165661210e+07 -3.768608760e+04 1.547867956e+01 -9.568730340e-04 2.493109541e-08 6.688940290e-14 -8.998673700e-18 2.957786517e+05 -9.427715804e+01
AlO2 g 200 1000 4.338480450e+04 -4.735292260e+02 6.001717670e+00 7.094420880e-03 -1.129107996e-05 8.252691680e-09 -2.327652976e-12 -3.826145800e+03 -4.830022480e+00
AlO2 g 1000 6000 1.187216642e+05 -8.335625400e+02 8.309301190e+00 -3.538667220e-04 5.967069460e-08 4.014897700e-14 -3.515702520e-16 -2.033107586e+03 -1.715063884e+01
Al2 g 200 1000 -5.281509650e+03 -1.727374523e+01 4.604077010e+00 -2.616467770e-04 6.302319970e-07 -3.290938590e-10 8.888365140e-14 5.900706390e+04 3.060188921e+00
Al2 g 1000 6000 -2.320724102e+06 9.218707890e+03 -9.446951870e+00 9.999920010e-03 -3.154798085e-06 4.361544810e-10 -2.241157240e-14 2.904589544e+03 9.960320745e+01
Al2O g 200 1000 7.776530700e+03 -1.294235361e+02 4.912509520e+00 8.604223450e-03 -1.217703648e-05 8.314634870e-09 -2.237722201e-12 -1.886512879e+04 -2.806368311e-02
Al2O g 1000 6000 -1.171074351e+05 -1.783009166e+02 7.633215360e+00 -5.335931770e-05 1.180702791e-08 -1.355444579e-12 6.287323890e-17 -1.947580149e+04 -1.415764167e+01
Al2O2 g 200 1000 -1.940560042e+04 2.508489836e+02 3.621403790e+00 1.951385302e-02 -2.560329071e-05 1.662721576e-08 -4.312396200e-12 -5.172697280e+04 9.923995945e+00
Al2O2 g 1000 6000 -1.940611656e+05 -4.609752430e+02 1.084375637e+01 -1.376042893e-04 3.044733119e-08 -3.496193920e-12 1.622305079e-16 -4.963055780e+04 -2.946538090e+01
Al2O3 g 200 1000 -7.443374320e+03 8.829004210e+01 5.264662640e+00 2.507678848e-02 -3.434541650e-05 2.302516980e-08 -6.122529280e-12 -6.872685950e+04 2.202324298e+00
Al2O3 g 1000 6000 -2.777784969e+05 -4.917465930e+02 1.386703888e+01 -1.469381940e-04 3.250406490e-08 -3.730867350e-12 1.730444284e-16 -6.790757850e+04 -4.375559873e+01
Ar g 200 1000 0.0 0.0 2.5 0.0 0.0 0.0 0.0 -7.453750000e02 4.379674910e00
Ar g 1000 6000 2.010538475e01 -5.992661070e-02 2.500069401e00 -3.992141160e-08 1.205272140e-11 -1.819015576e-15 1.078576636e-19 -7.449939610e02 4.379180110e00
Ar g 6000 20000 -9.951265080e08 6.458887260e05 -1.675894697e02 2.319933363e-02 -1.721080911e-06 6.531938460e-11 -9.740147729e-16 -5.078300340e06 1.465298484e03
C g 200 1000 6.495031470e2 -9.649010860e-1 2.504675479 -1.281448025e-5 1.980133654e-8 -1.606144025e-11 5.314483411e-15 8.545763110e4 4.747924288
C g 1000 6000 -1.289136472e5 1.719528572e2 2.646044387 -3.353068950e-4 1.742092740e-7 -2.902817829e-11 1.642182385e-15 8.410597850e4 4.130047418
C g 6000 20000 4.432528010e8 -2.886018412e5 7.737108320e1 -9.715281890e-3 6.649595330e-7 -2.230078776e-11 2.899388702e-16 2.355273444e6 -6.405123160e2
CN g 200 1000 3.949148570e+03 -1.391590572e+02 4.930835320e+00 -6.304670510e-03 1.256836472e-05 -9.878300500e-09 2.843137221e-12 5.228455380e+04 -2.763115585e+00
CN g 1000 6000 -2.228006270e+06 5.040733390e+03 -2.121897722e-01 1.354901134e-03 1.325929798e-07 -6.937006370e-11 5.494952270e-15 1.784496132e+04 3.282563919e+01
CN g 6000 20000 -1.794798118e+08 1.054346069e+05 -1.729624170e+01 2.194895530e-03 -8.508938030e-08 9.318692990e-13 6.358139930e-18 -7.962594120e+05 1.913139639e+02
CO g 200 1000 1.489045326e4 -2.922285939e2 5.724527170 -8.176235030e-3 1.456903469e-5 -1.087746302e-8 3.027941827e-12 -1.303131878e4 -7.859241350
CO g 1000 6000 4.619197250e5 -1.944704863e3 5.916714180 -5.664282830e-4 1.398814540e-7 -1.787680361e-11 9.620935570e-16 -2.466261084e3 -1.387413108e1
CO g 6000 20000 8.868662960e8 -7.500377840e5 2.495474979e2 -3.956351100e-2 3.297772080e-6 -1.318409933e-10 1.998937948e-15 5.701421130e6 -2.060704786e3
COS g 200 1000 8.547876430e04 -1.319464821e03 9.735257240e00 -6.870830960e-03 1.082331416e-05 -7.705597340e-09 2.078570344e-12 -1.191657685e04 -2.991988593e01
COS g 1000 6000 1.959098567e05 -1.756167688e03 8.710430340e00 -4.139424960e-04 1.015243648e-07 -1.159609663e-11 5.691053860e-16 -8.927096690e03 -2.636328016e01
CO2 g 200 1000 4.943650540e4 -6.264116010e2 5.301725240 2.503813816e-3 -2.127308728e-7 -7.689988780e-10 2.849677801e-13 -4.528198460e4 -7.048279440
CO2 g 1000 6000 1.176962419e5 -1.788791477e3 8.291523190 -9.223156780e-5 4.863676880e-9 -1.891053312e-12 6.330036590e-16 -3.908350590e4 -2.652669281e1
CO2 g 6000 20000 -1.544423287e9 1.016847056e6 -2.561405230e2 3.369401080e-2 -2.181184337e-6 6.991420840e-11 -8.842351500e-16 -8.043214510e6 2.254177493e3
C2H g 200 1000 1.343669487e+04 -5.067970720e+02 7.772107410e+00 -6.512339820e-03 1.030117855e-05 -5.880147670e-09 1.226901861e-12 6.892269990e+04 -1.871881626e+01
C2H g 1000 6000 3.922334570e+06 -1.204751703e+04 1.756172920e+01 -3.655442940e-03 6.987685430e-07 -6.825162010e-11 2.719262793e-15 1.433266627e+05 -9.561634380e+01
C2N g 200 1000 -1.696281385e+04 9.837891630e+01 3.812662940e+00 5.346894230e-03 -2.473598508e-06 -3.730564220e-10 4.481756860e-13 9.480072570e+04 5.553165572e+00
C2N g 1000 6000 7.948674890e+04 -1.344786906e+03 8.309986460e+00 -2.220105361e-04 1.753683113e-08 2.545998719e-12 -2.645649117e-16 1.023187495e+05 -2.259793940e+01
C3 g 200 1000 -4.354614480e+04 6.660183220e+02 1.451033157e+00 7.434513120e-03 -3.810152990e-06 -2.336961396e-11 4.407054530e-13 9.635170200e+04 2.025173297e+01
C3 g 1000 6000 4.508098930e+06 -1.461033761e+04 2.281974644e+01 -8.544340610e-03 2.146069341e-06 -2.103867761e-10 6.351589060e-15 1.911976065e+05 -1.271869723e+02
C3 g 6000 20000 1.539589859e+08 -2.089057498e+05 7.681111210e+01 -8.939056190e-03 5.594033240e-07 -1.743774353e-11 2.181541208e-16 1.650801763e+06 -6.081693320e+02
C4N2 g 200 1000 1.587802866e+05 -2.987184206e+03 2.348081602e+01 -2.607502448e-02 4.042830030e-05 -2.804912444e-08 7.397652050e-12 7.505299470e+04 -1.017578250e+02
C4N2 g 1000 6000 1.167686152e+06 -6.198644180e+03 2.062070093e+01 -1.518619449e-03 3.162361680e-07 -3.469922800e-11 1.555154128e-15 9.667409390e+04 -9.669734738e+01
CHN g 200 1000 9.098286930e04 -1.238657512e03 8.721307870e00 -6.528242940e-03 8.872700830e-06 -4.808886670e-09 9.317898500e-13 2.098915450e04 -2.746678076e01
CHN g 1000 6000 1.236889278e06 -4.446732410e03 9.738874850e00 -5.855182640e-04 1.072791440e-07 -1.013313244e-11 3.348247980e-16 4.221513770e04 -4.005774072e01
CH2 g 200 1000 3.218921730e+04 -2.877601815e+02 4.203583820e+00 3.455405960e-03 -6.746193340e-06 7.654571640e-09 -2.870328419e-12 4.733624710e+04 -2.143628603e+00
CH2 g 1000 6000 2.550418031e+06 -7.971625390e+03 1.228924487e+01 -1.699122922e-03 2.991728605e-07 -2.767007492e-11 1.051341740e-15 9.642216890e+04 -6.094739910e+01
CH3 g 200 1000 -2.876188806e+04 5.093268660e+02 2.002143949e-01 1.363605829e-02 -1.433989346e-05 1.013556725e-08 -3.027331936e-12 1.408271825e+04 2.022772791e+01
CH3 g 1000 6000 2.760802663e+06 -9.336531170e+03 1.487729606e+01 -1.439429774e-03 2.444477951e-07 -2.224555778e-11 8.395065760e-16 7.481809480e+04 -7.919682400e+01
CH4 g 200 1000 -1.766850998e5 2.786181020e3 -1.202577850e1 3.917619290e-2 -3.619054430e-5 2.026853043e-8 -4.976705490e-12 -2.331314360e4 8.904322750e1
CH4 g 1000 6000 3.730042760e6 -1.383501485e4 2.049107091e1 -1.961974759e-3 4.727313040e-7 -3.728814690e-11 1.623737207e-15 7.532066910e4 -1.219124889e2
C2H2 g 200 1000 1.598112089e05 -2.216644118e03 1.265707813e01 -7.979651080e-03 8.054992750e-06 -2.433307673e-09 -7.529233180e-14 3.712619060e04 -5.244338900e01
C2H2 g 1000 6000 1.713847410e06 -5.929106660e03 1.236127943e01 1.314186993e-04 -1.362764431e-07 2.712655786e-11 -1.302066204e-15 6.266578970e04 -5.818960590e01
C2H3 g 200 1000 -3.347896870e+04 1.064104103e+03 -6.403857060e+00 3.934515480e-02 -4.760046090e-05 3.170071350e-08 -8.633406430e-12 3.039122649e+04 5.809226180e+01
C2H3 g 1000 6000 2.718080093e+06 -1.030956829e+04 1.836579807e+01 -1.580131153e-03 2.680594939e-07 -2.439003999e-11 9.209096390e-16 9.765055590e+04 -9.760086860e+01
C2H3N g 200 1000 -9.965988380e+04 1.739278534e+03 -7.898420820e+00 4.294894320e-02 -4.499973880e-05 2.717105086e-08 -7.026117590e-12 -1.461161333e+03 6.852508274e+01
C2H3N g 1000 6000 2.923231393e+06 -1.233792258e+04 2.324477222e+01 -2.411565845e-03 4.622157170e-07 -4.740601240e-11 2.010639467e-15 8.058565550e+04 -1.292249102e+02
C2H4 g 200 1000 -1.163605836e+05 2.554851510e+03 -1.609746428e+01 6.625779320e-02 -7.885081860e-05 5.125224820e-08 -1.370340031e-11 -6.176191070e+03 1.093338343e+02
C2H4 g 1000 6000 3.408763670e+06 -1.374847903e+04 2.365898074e+01 -2.423804419e-03 4.431395660e-07 -4.352683390e-11 1.775410633e-15 8.820429380e+04 -1.371278108e+02
C2H5 g 200 1000 -1.411312551e+05 2.714285088e+03 -1.534977725e+01 6.451672580e-02 -7.259143960e-05 4.599116010e-08 -1.218367535e-11 5.981418840e+02 1.090966520e+02
C2H5 g 1000 6000 4.169220400e+06 -1.662982142e+04 2.795442134e+01 -3.051715761e-03 5.685160040e-07 -5.682863600e-11 2.355648561e-15 1.137010087e+05 -1.639357995e+02
C2H6 g 200 1000 -1.862044161e+05 3.406191860e+03 -1.951705092e+01 7.565835590e-02 -8.204173220e-05 5.061135800e-08 -1.319281992e-11 -2.702932890e+04 1.298140496e+02
C2H6 g 1000 6000 5.025782130e+06 -2.033022397e+04 3.322552930e+01 -3.836703410e-03 7.238405860e-07 -7.319182500e-11 3.065468699e-15 1.115963950e+05 -2.039410584e+02
Ca g 200 1000 0.000000000e+00 0.000000000e+00 2.500000000e+00 0.000000000e+00 0.000000000e+00 0.000000000e+00 0.000000000e+00 2.063892786e+04 4.384548330e+00
Ca g 1000 6000 7.547341240e+06 -2.148642662e+04 2.530849567e+01 -1.103773705e-02 2.293249636e-06 -1.209075383e-10 -4.015333268e-15 1.585862323e+05 -1.609512955e+02
Ca g 6000 20000 2.291781634e+09 -1.608862960e+06 4.312466360e+02 -5.396508990e-02 3.531856210e-06 -1.164403850e-10 1.527134223e-15 1.258651434e+07 -3.692101610e+03
CaO g 200 1000 3.889733070e+04 -4.835677350e+02 5.077713250e+00 3.076235250e-04 -1.159759897e-06 8.493433340e-10 -1.495333366e-13 5.937643480e+03 -3.955320730e+00
CaO g 1000 6000 -4.913106170e+07 1.495865950e+05 -1.681654149e+02 9.381950260e-02 -2.455529428e-05 3.074980720e-09 -1.485914237e-13 -9.461511720e+05 1.235694769e+03
CaO g 6000 20000 -3.504055130e+08 2.083212387e+05 -3.978209270e+01 5.039268720e-03 -3.220707680e-07 1.057379426e-11 -1.396044154e-16 -1.662378721e+06 3.934491930e+02
Ca2 g 200 1000 -8.582228620e+04 1.588188960e+02 1.103952055e+01 -3.333196760e-02 5.345938810e-05 -4.011573240e-08 1.160486682e-11 3.770350800e+04 -2.397744561e+01
Ca2 g 1000 6000 2.405966267e+05 5.775803820e+01 2.347436675e+00 1.199275034e-04 -4.329150310e-08 7.015302690e-12 -3.705660320e-16 4.081875400e+04 1.895399607e+01
Cl2 g 200 1000 3.462815170e4 -5.547126520e2 6.207589370 -2.989632078e-3 3.173027290e-6 -1.793629562e-9 4.260043590e-13 1.534069331e3 -9.438331107
Cl2 g 1000 6000 6.092569420e6 -1.949627662e4 2.854535795e1 -1.449968764e-2 4.463890770e-6 -6.358525860e-10 3.327360290e-14 1.212117724e5 -1.690778824e2
ClH g 200 1000 2.062588287e4 -3.093368855e2 5.275418850 -4.828874220e-3 6.195794600e-6 -3.040023782e-9 4.916790030e-13 -1.067782299e4 -7.309305408
ClH g 1000 6000 9.157749510e5 -2.770550211e3 5.973539790 -3.629810060e-4 4.735529190e-8 2.810262054e-12 -6.656104220e-16 5.674958050e3 -1.642825822e1
Cr g 200 1000 1.335658217e+03 -2.102424026e+01 2.631908173e+00 -4.246263250e-04 7.439194160e-07 -6.763931630e-10 2.507855625e-13 4.715866640e+04 6.005425450e+00
Cr g 1000 6000 -1.120220789e+07 3.401163690e+04 -3.657062170e+01 2.110296902e-02 -5.518180140e-06 7.173601710e-10 -3.505127367e-14 -1.688993440e+05 2.864481267e+02
Cr g 6000 20000 3.900886930e+09 -2.462918543e+06 5.915632640e+02 -6.697121640e-02 3.946957790e-06 -1.166504597e-10 1.367279456e-15 1.955381984e+07 -5.133510550e+03
CrO g 200 1000 9.373334110e+03 1.369743818e+02 1.621443428e+00 8.814095960e-03 -1.232845360e-05 8.497960940e-09 -2.315804197e-12 2.090948871e+04 1.781935787e+01
CrO g 1000 6000 1.092367332e+06 -3.749758650e+03 9.007870210e+00 -2.545445236e-03 6.928051680e-07 -6.390831950e-11 1.659741645e-15 4.447098210e+04 -2.942600453e+01
CrO g 6000 20000 5.600191720e+08 -3.409592350e+05 7.971428300e+01 -7.045904880e-03 3.311256200e-07 -8.196877430e-12 8.487479810e-17 2.738393714e+06 -6.629641700e+02
CrO2 g 200 1000 3.548629900e+04 -2.298628537e+02 2.286289393e+00 1.616929338e-02 -2.345198910e-05 1.631365714e-08 -4.444269620e-12 -1.278912840e+04 1.442954956e+01
CrO2 g 1000 6000 -4.327109140e+05 1.915584657e+02 7.188247370e+00 -5.694846190e-04 3.546366130e-07 -5.655123060e-11 2.908946349e-15 -1.743339545e+04 -1.006424720e+01
CrO3 g 200 1000 4.183020060e+04 -5.059348850e+02 4.432715670e+00 1.995079387e-02 -2.920597649e-05 2.039330280e-08 -5.580086630e-12 -3.769702400e+04 8.653827280e-01
CrO3 g 1000 6000 -6.283314010e+05 6.928158180e+02 8.971274600e+00 6.823365640e-04 -2.235048825e-07 3.366785790e-11 -1.614026492e-15 -4.723880200e+04 -1.945305345e+01
Fe g 200 1000 6.790822660e04 -1.197218407e03 9.843393310e00 -1.652324828e-02 1.917939959e-05 -1.149825371e-08 2.832773807e-12 5.466995940e04 -3.383946260e01
Fe g 1000 6000 -1.954923682e06 6.737161100e03 -5.486410970e00 4.378803450e-03 -1.116286672e-06 1.544348856e-10 -8.023578182e-15 7.137370060e03 6.504979860e01
Fe g 6000 20000 1.216352511e09 -5.828563930e05 9.789634510e01 -5.370704430e-03 3.192037920e-08 6.267671430e-12 -1.480574914e-16 4.847648290e06 -8.697289770e02
FeO g 200 1000 1.569282213e04 -6.460188880e01 2.458925470e00 7.016047360e-03 -1.021405947e-05 7.179297870e-09 -1.978966365e-12 2.964572665e04 1.326115545e01
FeO g 1000 6000 -1.195971480e05 -3.624864780e02 5.518880750e00 -9.978856890e-04 4.376913830e-07 -6.790629460e-11 3.639292680e-15 3.037985806e04 -3.633655420e00
H g 200 1000 0.000000000e+00 0.000000000e+00 2.500000000e+00 0.000000000e+00 0.000000000e+00 0.000000000e+00 0.000000000e+00 2.547370801e+04 -4.466828530e-01
H g 1000 6000 6.078774250e+01 -1.819354417e-01 2.500211817e+00 -1.226512864e-07 3.732876330e-11 -5.687744560e-15 3.410210197e-19 2.547486398e+04 -4.481917770e-01
H g 6000 20000 2.173757694e+08 -1.3120354033e+05 3.399174200e+01 -3.813999680e-03 2.432854837e-07 -7.694275540e-12 9.644105630e-17 1.067638086e+06 -2.742301051e+02
HO g 200 1000 -1.998858990e03 9.300136160e01 3.050854229e00 1.529529288e-03 -3.157890998e-06 3.315446180e-09 -1.138762683e-12 2.991214235e03 4.674110790e00
HO g 1000 6000 1.017393379e06 -2.509957276e03 5.116547860e00 1.305299930e-04 -8.284322260e-08 2.006475941e-11 -1.556993656e-15 2.019640206e04 -1.101282337e01
HO g 6000 20000 2.847234193e08 -1.859532612e05 5.008240900e01 -5.142374980e-03 2.875536589e-07 -8.228817960e-12 9.567229020e-17 1.468393908e06 -4.023555580e02
HS g 200 1000 6.389434680e03 -3.747960920e02 7.548145770e00 -1.288875477e-02 1.907786343e-05 -1.265033728e-08 3.235158690e-12 1.742902395e04 -1.760761843e01
HS g 1000 6000 1.682631601e06 -5.177152210e03 9.198168520e00 -2.323550224e-03 6.543914780e-07 -8.468470420e-11 3.864741550e-15 4.899214490e04 -3.770400275e01
H2 g 200 1000 4.078323210e4 -8.009186040e2 8.214702010 -1.269714457e-2 1.753605076e-5 -1.202860270e-8 3.368093490e-12 2.682484665e3 -3.043788844e1
H2 g 1000 6000 5.608128010e5 -8.37150474e2 2.975364532 1.252249124e-3 -3.740716190e-7 5.936625200e-11 -3.606994100e-15 5.339824410e3 -2.202774769
H2 g 6000 20000 4.966884120e8 -3.147547149e5 7.984121880e1 -8.414789210e-3 4.753248350e-7 -1.371873492e-11 1.605461756e-16 2.488433516e6 -6.695728110e2
H2O g 200 1000 -3.947960830e4 5.755731020e2 9.317826530e-1 7.222712860e-3 -7.342557370e-6 4.955043490e-9 -1.336933246e-12 -3.303974310e4 1.724205775e1
H2O g 1000 6000 1.034972096e6 -2.412698562e3 4.646110780 2.291998307e-3 -6.836830480e-7 9.426468930e-11 -4.822380530e-15 -1.384286509e4 -7.978148510
H2O4S g 200 1000 -4.129150050e4 6.681589890e2 -2.632753507 5.415382480e-2 -7.067502230e-5 4.684611420e-8 -1.236791238e-11 -9.315660120e4 3.961096201e1
H2O4S g 1000 6000 1.437877914e6 -6.614902530e3 2.157662058e1 -4.806255970e-4 3.010775121e-8 2.334842469e-12 -2.946330375e-16 -5.259092950e4 -1.023603724e2
H2S g 200 1000 9.543808810e3 -6.875175080e1 4.054921960 -3.014557336e-4 3.768497750e-6 -2.239358925e-9 3.086859108e-13 -3.278457280e3 1.415194691
H2S g 1000 6000 1.430040220e6 -5.284028650e3 1.016182124e1 -9.703849960e-4 2.154003405e-7 -2.169695700e-11 9.318163070e-16 2.908696214e4 -4.349160391e1
H3N g 200 1000 -7.681226150e4 1.270951578e3 -3.893229130 2.145988418e-2 -2.183766703e-5 1.317385706e-8 -3.332322060e-12 -1.264886413e4 4.366014588e1
H3N g 1000 6000 2.452389535e6 -8.040894240e3 1.271346201e1 -3.980186580e-4 3.552502750e-8 2.530923570e-12 -3.322700530e-16 4.386191960e4 -6.462330602e1
H4Si g 200 1000 7.872993290e4 -5.526087050e2 2.498944303 1.442118274e-2 -8.467107310e-6 2.726164641e-9 -5.436754370e-13 6.269669060e3 4.965461830
H4Si g 1000 6000 1.290378740e6 -7.813399780e3 1.828851664e1 -1.975620946e-3 4.156502150e-7 -4.596745610e-11 2.072777131e-15 4.766887950e4 -9.801697460e1
He g 200 1000 0.0 0.0 2.5 0.0 0.0 0.0 0.0 -7.453750000e2 9.287239740e-1
He g 1000 6000 0.0 0.0 2.5 0.0 0.0 0.0 0.0 -7.453750000e2 9.287239740e-1
He g 6000 20000 3.396845420e6 -2.194037652e3 3.080231878 -8.068957550e-5 6.252784910e-9 -2.574990067e-13 4.429960218e-18 1.650518960e4 -4.048814390
K g 200 1000 9.665143930e+00 -1.458059455e-01 2.500865861e+00 -2.601219276e-06 4.187306580e-09 -3.439722110e-12 1.131569009e-15 9.959493490e+03 5.035822260e+00
K g 1000 6000 -3.566422360e+06 1.085289825e+04 -1.054134898e+01 8.009801350e-03 -2.696681041e-06 4.715294150e-10 -2.976897350e-14 -5.875337010e+04 9.738551240e+01
K g 6000 20000 9.205786590e+08 -6.935300280e+05 1.911270788e+02 -2.305931672e-02 1.430294866e-06 -4.409335020e-11 5.366769166e-16 5.395082190e+06 -1.622158805e+03
KO g 200 1000 1.462562908e+04 -3.384765650e+02 5.716607640e+00 -2.363265083e-03 2.848716276e-06 -1.739858233e-09 4.431006520e-13 8.141835380e+03 -4.022101520e+00
KO g 1000 6000 6.960103380e+05 -3.304835290e+03 1.005743444e+01 -4.331112000e-03 1.747281632e-06 -3.012370548e-10 1.790827870e-14 2.604972496e+04 -3.448781520e+01
K2 g 200 1000 1.524169293e+04 -3.301789360e+02 7.070795950e+00 -9.767072460e-03 2.021535863e-05 -1.886092452e-08 6.112974640e-12 1.533402849e+04 -9.101035800e+00
K2 g 1000 6000 -2.734470745e+07 6.562180010e+04 -4.476350440e+01 8.938859150e-03 2.984557092e-06 -1.064158914e-09 8.334936930e-14 -4.226243830e+05 3.867142510e+02
K2O g 200 1000 2.392044068e+04 -5.445358390e+02 8.826403230e+00 -3.481429430e-03 3.834542070e-06 -2.268494189e-09 5.569212250e-13 -8.234291680e+03 -1.663099064e+01
K2O g 1000 6000 -4.611464580e+04 -1.363119524e+01 7.010530440e+00 -4.323658260e-06 9.747788420e-10 -1.135283694e-13 5.325860600e-18 -1.107222244e+04 -5.768718720e+00
K2O2 g 200 1000 4.810870610e+04 -1.003601504e+03 1.154229002e+01 -4.546332520e-04 -1.516606209e-06 1.799426090e-09 -6.128337290e-13 -2.057151920e+04 -3.181199790e+01
K2O2 g 1000 6000 -1.476073073e+05 -1.021932040e+02 1.007664713e+01 -3.076517991e-05 6.815252810e-09 -7.828654450e-13 3.632506100e-17 -2.592056324e+04 -2.162287184e+01
Kr g 200 1000 0.0 0.0 2.5 0.0 0.0 0.0 0.0 -7.453750000e02 5.490956510e00
Kr g 1000 6000 2.643639057e02 -7.910050820e-01 2.500920585e00 -5.328164110e-07 1.620730161e-10 -2.467898017e-14 1.478585040e-18 -7.403488940e02 5.484398150e00
Kr g 6000 20000 -1.375531087e09 9.064030530e05 -2.403481435e02 3.378312030e-02 -2.563103877e-06 9.969787790e-11 -1.521249677e-15 -7.111667370e06 2.086866326e03
Mg g 200 1000 0.0 0.0 2.5 0.0 0.0 0.0 0.0 1.694658761e04 3.634330140e00
Mg g 1000 6000 -5.364831550e05 1.973709576e03 -3.633776900e-01 2.071795561e-03 -7.738051720e-07 1.359277788e-10 -7.766898397e-15 4.829188110e03 2.339104998e01
Mg g 6000 20000 2.166012586e09 -1.008355665e06 1.619680021e02 -8.790130350e-03 -1.925690961e-08 1.725045214e-11 -4.234946112e-16 8.349525900e06 -1.469355261e03
MgO g 200 1000 3.513659740e05 -5.287197160e03 3.382060060e01 -8.400489630e-02 1.210016160e-04 -7.630795020e-08 1.701022862e-11 2.790679519e04 -1.624886199e02
MgO g 1000 6000 -1.586738367e07 3.420468100e04 -1.774087677e01 7.004963050e-03 -1.104138249e-06 8.957488530e-11 -3.052513649e-15 -2.300504434e05 1.738984472e02
MgO g 6000 20000 2.290059050e06 -2.073499632e04 1.444150005e01 -1.490609900e-03 1.052119343e-07 -3.523030610e-12 4.613111760e-17 1.490218815e05 -8.007281730e01
N g 200 1000 0.000000000e+00 0.000000000e+00 2.500000000e+00 0.000000000e+00 0.000000000e+00 0.000000000e+00 0.000000000e+00 5.610463780e+04 4.193905036e+00
N g 1000 6000 8.876501380e+04 -1.071231500e+02 2.362188287e+00 2.916720081e-04 -1.729515100e-07 4.012657880e-11 -2.677227571e-15 5.697351330e+04 4.865231506e+00
N g 6000 20000 5.475181050e+08 -3.107574980e+05 6.916782740e+01 -6.847988130e-03 3.827572400e-07 -1.098367709e-11 1.277986024e-16 2.550585618e+06 -5.848769753e+02
NH g 200 1000 1.359651320e+04 -1.900296604e+02 4.518496790e+00 -2.432776899e-03 2.377587464e-06 -2.592797084e-10 -2.659680792e-13 4.280972190e+04 -3.886561616e+00
NH g 1000 6000 1.958141991e+06 -5.782861300e+03 9.335742020e+00 -2.292910311e-03 6.076092480e-07 -6.647942750e-11 2.384234783e-15 7.898912340e+04 -4.116970400e+01
NH g 6000 20000 9.524636790e+07 -8.585826910e+04 2.980445181e+01 -2.979563697e-03 1.656334158e-07 -4.744791840e-12 5.570148290e-17 6.961434270e+05 -2.229027419e+02
NH2 g 200 1000 -3.118240659e+04 4.754243390e+02 1.372395176e+00 6.306429720e-03 -5.987893560e-06 4.492752340e-09 -1.414073548e-12 1.928939662e+04 1.540126885e+01
NH2 g 1000 6000 2.111053740e+06 -6.880627230e+03 1.132305924e+01 -1.829236741e-03 5.643890090e-07 -7.886452480e-11 4.078593450e-15 6.503778560e+04 -5.359155744e+01
NO g 200 1000 -1.143916503e04 1.536467592e02 3.431468730e00 -2.668592368e-03 8.481399120e-06 -7.685111050e-09 2.386797655e-12 9.098214410e03 6.728725490e00
NO g 1000 6000 2.239018716e05 -1.289651623e03 5.433936030e00 -3.656034900e-04 9.880966450e-08 -1.416076856e-11 9.380184620e-16 1.750317656e04 -8.501669090e00
NO g 6000 20000 -9.575303540e08 5.912434480e05 -1.384566826e02 1.694339403e-02 -1.007351096e-06 2.912584076e-11 -3.295109350e-16 -4.677501240e06 1.242081216e03
N2 g 200 1000 2.210371497e4 -3.818461820e2 6.082738360 -8.530914410e-03 1.384646189e-5 -9.625793620e-9 2.519705809e-12 7.108460860e2 -1.076003744e1
N2 g 1000 6000 5.877124060e5 -2.239249073e3 6.066949220 -6.139685500e-4 1.491806679e-7 -1.923105485e-11 1.061954386e-15 1.283210415e4 -1.586640027e1
N2 g 6000 20000 8.310139160e8 -6.420733540e5 2.020264635e2 -3.065092046e-2 2.486903333e-6 -9.705954110e-11 1.437538881e-15 4.938707040e6 -1.672099740e3
Na g 200 1000 0.000000000e+00 0.000000000e+00 2.500000000e+00 0.000000000e+00 0.000000000e+00 0.000000000e+00 0.000000000e+00 1.218382949e+04 4.244028180e+00
Na g 1000 6000 9.525723380e+05 -2.623807254e+03 5.162596620e+00 -1.210218586e-03 2.306301844e-07 -1.249597843e-11 7.226771190e-16 2.912963564e+04 -1.519717061e+01
Na g 6000 20000 1.592533392e+09 -9.717836660e+05 2.238443963e+02 -2.380930558e-02 1.352018117e-06 -3.936971110e-11 4.630689121e-16 7.748677260e+06 -1.939615505e+03
NaO g 200 1000 1.857748013e+04 -3.371497320e+02 5.644560020e+00 -3.136926368e-03 6.330775390e-06 -5.429462470e-09 1.687183770e-12 1.320332678e+04 -4.996131150e+00
NaO g 1000 6000 2.569744011e+05 -2.269334161e+03 9.224397620e+00 -3.651269100e-03 1.446811119e-06 -2.443068386e-10 1.428508328e-14 2.413239357e+04 -2.989159486e+01
Na2 g 200 1000 6.848628680e+03 -1.530836599e+02 5.325230390e+00 -1.944906088e-03 2.657477888e-06 -9.096841120e-10 -2.448756730e-13 1.649170574e+04 -2.653564394e+00
Na2 g 1000 6000 1.929940758e+07 -6.269280120e+04 8.267682110e+01 -4.565137810e-02 1.259515667e-05 -1.560445735e-09 7.024677170e-14 4.090820800e+05 -5.509970890e+02
Na2O g 200 1000 3.901149290e+04 -7.266207890e+02 9.623710780e+00 -3.556418640e-03 3.470704350e-06 -1.835177736e-09 4.062134710e-13 -4.593073250e+02 -2.349565832e+01
Na2O g 1000 6000 -6.600525160e+04 -2.569021634e+01 7.519385420e+00 -7.811635240e-06 1.735015890e-09 -1.996634558e-13 9.276433550e-18 -4.297339650e+03 -1.063530214e+01
Na2O2 g 200 1000 7.382458920e+04 -1.355125340e+03 1.255579861e+01 -2.112046045e-03 4.920353520e-08 1.003950603e-09 -4.447732070e-13 -1.058858918e+04 -4.021811780e+01
Na2O2 g 1000 6000 -1.732295239e+05 -1.137561118e+02 1.008529143e+01 -3.422098940e-05 7.577721890e-09 -8.701256730e-13 4.036061390e-17 -1.780300574e+04 -2.386789190e+01
Ne g 200 1000 0.0 0.0 2.5 0.0 0.0 0.0 0.0 -7.453750000e02 3.355322720e00
Ne g 1000 6000 0.0 0.0 2.5 0.0 0.0 0.0 0.0 -7.453750000e02 3.355322720e00
Ne g 6000 20000 -1.238252746e07 6.958579580e03 1.016709287e00 1.424664555e-04 -4.803933930e-09 -1.170213183e-13 8.415153652e-18 -5.663933630e04 1.648438697e01
O g 200 1000 -7.953611300e+03 1.607177787e+02 1.966226438e+00 1.013670310e-03 -1.110415423e-06 6.517507500e-10 -1.584779251e-13 2.840362437e+04 8.404241820e+00
O g 1000 6000 2.619020262e+05 -7.298722030e+02 3.317177270e+00 -4.281334360e-04 1.036104594e-07 -9.438304330e-12 2.725038297e-16 3.392428060e+04 -6.679585350e-01
O g 6000 20000 1.779004264e+08 -1.082328257e+05 2.810778365e+01 -2.975232262e-03 1.854997534e-07 -5.796231540e-12 7.191720164e-17 8.890942630e+05 -2.181728151e+02
OS g 200 1000 -3.342757000e4 6.403862500e2 -1.006641228 1.381512705e-2 -1.704486364e-5 1.061294930e-8 -2.645796205e-12 -3.371292190e3 3.093861963e1
OS g 1000 6000 -1.443410557e6 4.113874360e3 -5.383695780e-1 2.794153269e-3 -6.633352260e-7 7.838221190e-11 -3.560509070e-15 -2.708838059e4 3.615358329e1
OSi g 200 1000 -4.722771050e4 8.063137640e2 -1.636976133 1.454275546e-2 -1.723202046e-5 1.042397340e-8 -2.559365273e-12 -1.666585903e4 3.355795700e1
OSi g 1000 6000 -1.7651341625 -3.199177090e1 4.477441930 4.591764710e-6 3.558143150e-8 -1.327012559e-11 1.613253297e-15 -1.350842360e4 -8.386957330e-1
OTi g 200 1000 -1.168152460e+04 4.542565650e+02 -1.139144613e-01 1.275432333e-02 -1.727656935e-05 1.187369403e-08 -3.236579370e-12 2.924306353e+03 2.702903947e+01
OTi g 1000 6000 2.330644030e+06 -7.415793860e+03 1.281799311e+01 -4.344555950e-03 1.186303111e-06 -1.367644275e-10 5.703212250e-15 5.144841360e+04 -5.793994240e+01
OTi g 6000 20000 1.660288147e+08 -1.051853502e+05 2.749141313e+01 -1.681501753e-03 4.884078370e-08 -4.721389750e-13 -2.405919722e-18 8.399156070e+05 -2.030813444e+02
O2 g 200 1000 -3.425563420e4 4.847000970e2 1.119010961 4.293889240e-3 -6.836300520e-7 -2.023372700e-9 1.039040018e-12 -3.391454870e3 1.849699470e1
O2 g 1000 6000 -1.037939022e6 2.344830282e3 1.819732036 1.267847582e-3 -2.188067988e-7 2.053719572e-11 -8.193467050e-16 -1.689010929e4 1.738716506e1
O2 g 6000 20000 4.975294300e8 -2.866106874e5 6.690352250e1 -6.169959020e-3 3.016396027e-7 -7.421416600e-12 7.278175770e-17 2.293554027e6 -5.530621610e2
O2S g 200 1000 -5.310842140e4 9.090311670e2 -2.356891244 2.204449885e-2 -2.510781471e-5 1.446300484e-8 -3.369070940e-12 -4.113752080e4 4.045512519e1
O2S g 1000 6000 -1.127640116e5 -8.252261380e2 7.616178630 -1.999327610e-4 5.655631430e-8 -5.454316610e-12 2.918294102e-16 -3.351308690e4 -1.655776085e1
O2Si g 200 1000 -3.362948780e04 4.734078920e02 2.309770671e-01 1.850230806e-02 -2.242786671e-05 1.364981554e-08 -3.351935030e-12 -4.226487490e04 2.295803206e01
O2Si g 1000 6000 -1.464031193e05 -6.261441060e02 7.964563710e00 -1.854119096e-04 4.095214670e-08 -4.697206760e-12 2.178054280e-16 -3.791834770e04 -2.045285414e01
O2Ti g 200 1000 -1.710545601e+03 2.721435528e+02 5.961378960e-01 1.925463599e-02 -2.665500165e-05 1.811109197e-08 -4.876710470e-12 -3.912241770e+04 2.408605889e+01
O2Ti g 1000 6000 1.546299764e+05 -1.046256880e+03 7.788985830e+00 -1.546805714e-04 -7.059935950e-08 3.100244802e-11 -2.494725430e-15 -3.266336750e+04 -1.591534660e+01
O3 g 200 1000 -1.282314507e04 5.898216640e02 -2.547496763e00 2.690121526e-02 -3.528258340e-05 2.312290922e-08 -6.044893270e-12 1.348368701e04 3.852218580e01
O3 g 1000 6000 -3.869662480e07 1.023344994e05 -8.961551600e01 3.706144970e-02 -4.137638740e-06 -2.725018591e-10 5.248188110e-14 -6.517918180e05 7.029109520e02
O3S g 200 1000 -3.952855290e04 6.208572570e02 -1.437731716e00 2.764126467e-02 -3.144958662e-05 1.792798000e-08 -4.126386660e-12 -5.184106170e04 3.391331216e01
O3S g 1000 6000 -2.166923781e05 -1.301022399e03 1.096287985e01 -3.837100020e-04 8.466889040e-08 -9.705399290e-12 4.498397540e-16 -4.398283990e04 -3.655217314e01
S2 g 200 1000 3.528091780e4 -4.222156580e2 4.677433490 1.724046361e-3 -3.862208210e-6 3.336156340e-9 -9.930661540e-13 1.654767715e4 -7.957279032e-1
S2 g 1000 6000 -1.588128788e4 6.315480880e2 2.449628069 1.986240565e-3 -6.507927240e-7 1.002813651e-10 -5.596990050e-15 1.085508427e4 1.458544515e1
Si g 200 1000 9.836140810e01 1.546544523e02 1.876436670e00 1.320637995e-03 -1.529720059e-06 8.950562770e-10 -1.952873490e-13 5.263510310e04 9.698288880e00
Si g 1000 6000 -6.169298850e05 2.240683927e03 -4.448619320e-01 1.710056321e-03 -4.107714160e-07 4.558884780e-11 -1.889515353e-15 3.953558760e04 2.679668061e01
Si g 6000 20000 -9.286548940e08 5.443989890e05 -1.206739736e02 1.359662698e-02 -7.606498660e-07 2.149746065e-11 -2.474116774e-16 -4.293792120e06 1.086382839e03
Ti g 200 1000 -4.570179400e+04 6.608092020e+02 4.295257490e-01 3.615029910e-03 -3.549792810e-06 1.759952494e-09 -3.052720871e-13 5.270947930e+04 2.026149738e+01
Ti g 1000 6000 -1.704786714e+05 1.073852803e+03 1.181955014e+00 2.245246352e-04 3.091697848e-07 -5.740027280e-11 2.927371014e-15 4.978069910e+04 1.740431368e+01
Ti g 6000 20000 1.152797766e+09 -7.222408380e+05 1.777167465e+02 -2.008059096e-02 1.221052354e-06 -3.811452080e-11 4.798092423e-16 5.772614540e+06 -1.518080466e+03
Xe g 200 1000 0.0 0.0 2.5 0.0 0.0 0.0 0.0 -7.453750000e02 6.164454205e00
Xe g 1000 6000 4.025226680e03 -1.209507521e01 2.514153347e00 -8.248102080e-06 2.530232618e-09 -3.892333230e-13 2.360439138e-17 -6.685800730e02 6.063710715e00
Xe g 6000 20000 2.540397456e08 -1.105373774e05 1.382644099e01 1.500614606e-03 -3.935359030e-07 2.765790584e-11 -5.943990574e-16 9.285443830e05 -1.109834556e02
# --- Condensed ---
Al2O3 a 200 500 -5.391549970e6 1.036676983e5 -8.173229150e2 3.388258720e00 -7.512400360e-03 8.659248820e-06 -4.066085670e-09 -6.660134650e+05 4.235502230e+03
Al2O3 a 500 1200 -6.042087868e+05 0.000000000e+00 1.475480816e+01 8.272285438e-04 0.000000000e+00 0.000000000e+00 0.000000000e+00 -2.079235447e+05 -8.136029480e+01
Al2O3 a 1200 2327 0.000000000e+00 0.000000000e+00 1.293774378e+01 1.992781294e-03 0.000000000e+00 0.000000000e+00 0.000000000e+00 -2.060787581e+05 -6.966603728e+01
Al2O3 l 2327 6000 0.000000000e+00 0.000000000e+00 1.959225499e+01 0.000000000e+00 0.000000000e+00 0.000000000e+00 0.000000000e+00 -2.027701571e+05 -1.108590952e+02
C cr 200 600 1.132856760e5 -1.980421677e3 1.365384188e1 -4.636096440e-2 1.021333011e-4 -1.082893179e-7 4.472258860e-11 8.943859760e3 -7.295824740e1
C cr 600 2000 3.356004410e5 -2.596528368e3 6.948841910 -3.484836090e-3 1.844192445e-6 -5.055205960e-10 5.750639010e-14 1.398412456e4 -4.477183040e1
C cr 2000 6000 2.023105106e5 -1.138235908e3 3.700279500 -1.833807727e-4 6.343683250e-8 -7.068589480e-12 3.335435980e-16 5.848134850e3 -2.350925275e1
CSi b 100.000 298.15 -2.285496383e3 0.0 -5.349100620e-1 1.271547084e-2 0.0 0.0 0.0 4.882667110e3 -1.326611073e1
CSi b 298.15 3105 -1.269106658e5 0.0 3.757286960e0 3.481744565e-3 -1.620660748e-6 2.611097948e-10 0.0 -1.046667760e4 -2.109198538e1
CSi l 3103 6000 0.0 0.0 7.577115188e0 0.0 0.0 0.0 0.0 -7.787459000e3 -4.367596159e1
CaO cr 200 500 -4.775526940e+06 9.037711420e+04 -6.944320810e+02 2.802477174e+00 -6.129403220e-03 6.982167800e-06 -3.247543840e-09 -4.829411430e+05 3.619046320e+03
CaO cr 500 3172 -1.459376440e+05 0.000000000e+00 7.174205094e+00 -1.959947129e-03 1.291116374e-06 -2.077091735e-10 0.000000000e+00 -7.891525080e+04 -3.658562837e+01
CaO l 3172 6000 0.000000000e+00 0.000000000e+00 1.010282025e+01 0.000000000e+00 0.000000000e+00 0.000000000e+00 0.000000000e+00 -7.991857230e+04 -5.908720013e+01
# Extension below 298.15 is a fit to JANAF data
# Below is intentionally just less than 298.15 to ensure that the reference enthalpy is computed using the original McBride model fit
ClH4N cr 100 298.1499 0 -5.172495931126793e02 8.781198882486828e00 1.129216705734911e-02 0 0 0 -3.800615346677232e04 -4.372885943063882e01
ClH4N cr 298.15 457.7 1.593389657e5 0 -5.965854940 6.494193170e-2 -5.391456890e-5 0 0 -3.792881500e4 2.933013040e1
ClH4N cr 457.7 1000 -1.641820157e7 1.639262758e5 -6.654529630e2 1.447086973 -1.698254160e-3 1.056255415e-6 -2.697574651e-10 -8.787975900e5 3.897936900e3
ClH4N cr 1000 1500 8.409592660e8 -3.426760780e6 5.548091470e3 -4.435674300 1.772486202e-3 -2.817160120e-7 0 2.063363145e7 -3.765976360e4
FeO cr 298.15 1652 -1.179193966e+04 1.388393372e+02 2.999841854e+00 1.274527210e-02 -1.883886065e-05 1.274258345e-08 -3.042206479e-12 -3.417350500e+04 -1.284759120e+01
FeO l 1652 6000 0.000000000e+00 0.000000000e+00 8.147077819e+00 0.000000000e+00 0.000000000e+00 0.000000000e+00 0.000000000e+00 -3.255080650e+04 -3.995344357e+01
H2O cr 200 273.15 -4.026777480e5 2.747887946e3 5.738336630e1 -8.267915240e-1 4.413087980e-3 -1.054251164e-5 9.694495970e-9 -5.530314990e4 -1.902572063e2
H2O l 273.15 373.15 1.326371304e9 -2.448295388e7 1.879428776e5 -7.678995050e2 1.761556813 -2.151167128e-3 1.092570813e-6 1.101760476e8 -9.779700970e5
H2O l 373.15 600 1.263631001e9 -1.680380249e7 9.278234790e4 -2.722373950e2 4.479243760e-1 -3.919397430e-4 1.425743266e-7 8.113176880e7 -5.134418080e5
H2O4S l 283.456 1000.0007 7.749933850e4 1.040538662e3 4.433804910 3.648845480e-2 -1.743440132e-5 1.175631937e-8 -3.170091690e-12 -1.068997367e5 -1.353966639e1
MgO cr 200 500 -8.980784570e+05 1.771245421e+04 -1.449325747e+02 6.397591100e-01 -1.458346800e-03 1.715467374e-06 -8.183482370e-10 -1.516290864e+05 7.439009690e+02
MgO cr 500 3100 -1.169521716e+05 0.000000000e+00 5.510366817e+00 1.085932905e-03 -4.866191754e-07 1.253230798e-10 0.000000000e+00 -7.443482720e+04 -2.911564935e+01
MgO l 3100 6000 0.000000000e+00 0.000000000e+00 1.010282025e+01 0.000000000e+00 0.000000000e+00 0.000000000e+00 0.000000000e+00 -7.609370840e+04 -6.076894048e+01
N4Si3 cr 100 298.15 -1.136434515e+4 0.0 -4.993435710e-1 3.962318940e-2 0.0 0.0 0.0 -9.640037870e4 -1.086768954e0
N4Si3 cr 298.15 4000 -2.910454134e5 0.000000000e0 1.189210188e1 9.349799327e-3 -2.551082385e-6 2.857654871e-10 0.0 -9.966541740e+4 -6.412447976e+1
O2Si aqz 200 848 -5.776895500e5 7.214661110e3 -3.145730294e1 7.412177150e-2 -8.670077820e-6 -1.080461312e-7 8.316324910e-11 -1.462398375e5 1.842424399e2
O2Si bqz 848 1200 2.317635074e4 0 7.026511484e0 1.241925261e-3 0 0 0 -1.117012474e5 -3.580751356e1
O2Si bcrt 1200 1996 -5.356419079e5 0.000000000e0 9.331036946e0 -7.306503931e-4 3.339944266e-7 0 0 -1.134326721e5 -4.998768383e1
O2Si l 1996 6000 0.0 0.0 1.004268442e1 0.0 0.0 0.0 0.0 -1.140002976e5 -5.554279592e1
S cr 200 368.3 -1.035710779e4 0.0 1.866766938 4.256140250e-3 -3.265252270e-06 0.0 0.0 -7.516389580e2 -7.961066980
S cr 368.3 388.36 0.0 0.0 2.080514131 2.440879557e-3 0.0 0.0 0.0 -6.852714730e2 -8.607846750
S l 388.36 428.15 -6.366550765e7 0.0 2.376860693e3 -7.888076026 7.376076522e-3 0.0 0.0 -6.356594920e5 -1.186929589e4
S l 428.15 432.25 0.0 0.0 6.928522306e3 -3.254655981e1 3.824448176e-2 0.0 0.0 -9.832222680e5 -3.154806751e4
S l 432.25 453.15 0.0 0.0 1.649945697e2 -6.843534977e-1 7.315907973e-4 0.0 0.0 -2.638846929e4 -7.681730097e2
S l 453.15 717 1.972984578e6 0.0 -2.441009753e1 6.090352889e-2 -3.744069103e-5 0.0 0.0 1.113013440e4 1.363174183e2
S l 717 6000 0.0 0.0 3.848693429 0.0 0.0 0.0 0.0 -8.284589830e2 -1.736128237e1
Si cr 200 298.15 -2.323538208e4 0.0 2.102021680 1.809220552e-3 0.0 0.0 0.0 -7.850635210e2 -1.038427318e1
Si cr 298.15 1690 -5.232559740e4 0.0 2.850169415 3.975166970e-4 0.0 0.0 0.0 -1.042947234e3 -1.438964187e1
Si l 1690 6000 0.0 0.0 3.271389414 0.0 0.0 0.0 0.0 4.882667110e3 -1.326611073e1